Summons Number,Plate ID,Registration State,Plate Type,Issue Date,Violation Code,Vehicle Body Type,Vehicle Make,Issuing Agency,Street Code1,Street Code2,Street Code3,Vehicle Expiration Date,Violation Location,Violation Precinct,Issuer Precinct,Issuer Code,Issuer Command,Issuer Squad,Violation Time,Time First Observed,Violation County,Violation In Front Of Or Opposite,House Number,Street Name,Intersecting Street,Date First Observed,Law Section,Sub Division,Violation Legal Code,Days Parking In Effect    ,From Hours In Effect,To Hours In Effect,Vehicle Color,Unregistered Vehicle?,Vehicle Year,Meter Number,Feet From Curb,Violation Post Code,Violation Description,No Standing or Stopping Violation,Hydrant Violation,Double Parking Violation
1437253349,T663583C,NY,OMT,01/24/2018,31,SDN,,P,34870,10410,10510,0,17,17,401,957845,0401,0000,0507P,,NY,F,48,W 55 ST,,0,408,I3,,YYYYYBB,0700A,0600P,BK,0,0,-,0,,,,,
1437253325,AJ03227,CT,PAS,01/24/2018,31,SDN,TOYOT,P,34870,10410,10510,0,17,17,401,957845,0401,0000,0500P,,NY,F,55,W 55 ST,,0,408,I3,,YYYYYBB,1000A,0600P,WH,0,0,-,0,,,,,
1437253301,A31DSB,NJ,PAS,01/24/2018,31,VAN,DODGE,P,18050,10410,25390,0,17,17,401,957845,0401,0000,0422P,,NY,F,10,E 53 ST,,0,408,I3,,YYYYYYB,1000A,0600P,BK,0,0,-,0,,,,,
1437244117,AL45782,CT,PAS,01/24/2018,31,SDN,AUDI,P,34810,10410,10510,0,18,18,401,952583,0401,0000,0735A,,NY,F,19,W 52ND STREET,,0,408,C,,BBBBBBB,ALL,ALL,BLUE,0,0,-,0,,,,,
1437250040,T705119C,NY,OMT,01/24/2018,31,SUBN,FORD,P,10210,17810,17830,20180630,,0,401,951606,0401,0000,0930A,,NY,F,648,3RD AVENUE,,0,408,C4,,YYYYYYB,0700A,0400P,BLACK,0,2016,-,0,,,,,
1437237344,VEY1610,VA,PAS,01/24/2018,31,SDN,NISSA,P,17770,27790,24890,0,14,14,401,957564,0401,0000,0547P,,NY,F,113,E 39 ST,,0,408,I3,,YYYYYBB,01A,0600P,BLK,0,0,-,0,,,,,
1437237289,AD76168,CT,PAS,01/24/2018,31,SUBN,KIA,P,10210,17670,17690,0,17,17,401,957564,0401,0000,0420P,,NY,O,511,3RD AVE,,0,408,I3,,YYYYYYB,0700A,0700P,BLACK,0,0,-,0,,,,,
1437237277,S23DNR,NJ,PAS,01/24/2018,31,SDN,FORD,P,10210,17710,17730,20180930,17,17,401,957564,0401,0000,0346P,,NY,F,550,3RD AVE,,0,408,C,,YYYYYYB,0600A,0700P,RED,0,0,-,0,,,,,
1437244506,BXY1579,NY,PAS,01/24/2018,31,SUBN,HONDA,P,18190,24890,10210,20180611,,0,401,954673,0401,0000,0314A,,NY,F,160,EAST 60TH STREET,,0,408,I3,,YYYYYBB,0700A,0600P,GREEN,0,2012,-,0,,,,,
1437244282,VXA4500,VA,PAS,01/24/2018,31,SDN,FORD,P,18090,27790,24890,20180430,,0,401,961390,0401,0000,0518P,,NY,F,117,E 55TH STREET,,0,408,C,,YYYYYBB,0700A,0600P,BLU,0,0,-,0,,,,,
1437240732,OXZ9240,NJ,PAS,01/24/2018,31,,FORD,P,34550,10610,10810,0,14,14,406,946951,0406,0000,0445P,,NY,O,234,W 39TH ST,,0,408,I3,,BBBBBBB,ALL,ALL,WH,0,0,-,0,,,,,
1437240720,OXZ9240,NJ,PAS,01/24/2018,31,,FORD,P,34550,10610,10810,0,14,14,406,946951,0406,0000,0445P,,NY,O,234,W 39TH ST,,0,408,C,,BBBBBBB,ALL,ALL,WH,0,0,-,0,,,,,
1437240392,T666482C,NY,OMT,01/24/2018,31,TAXI,TOYOT,P,17710,97740,10110,20180228,,0,401,946673,0401,0000,0913A,,NY,F,238,E 36 ST,,0,408,C3,,BYYYYYB,0700A,0300P,BK,0,2014,-,0,,,,,
1437239973,R76CFC,NJ,PAS,01/24/2018,31,SDN,TOYOT,P,18090,27790,24890,0,17,17,401,957442,0401,0000,0848A,,NY,,133,E 55 ST,,0,408,K2,,YYYYYBB,0700A,0600P,RED,0,0,-,0,,,,,
1436754975,1CM4425,AL,PAS,01/24/2018,31,VAN,GMC,P,13610,13810,30790,20180831,1,1,1,952856,0001,0000,0225P,,NY,O,502,BROADWAY,,0,408,C,,YYYYYBB,0700A,0600P,,0,0,-,0,,,,,
1435692421,DXL6929,NY,PAS,01/24/2018,31,SUBN,CHEVR,P,18030,10210,10110,20190225,,0,401,946550,0401,0000,0334P,,NY,F,234,E 52ND ST,,0,408,I3,,YYYYYBB,0800A,0700P,BK,0,2015,-,0,,,,,
1435692410,492X0S,CT,PAS,01/24/2018,31,SDN,SUBAR,P,18030,10210,10110,0,,0,401,946550,0401,0000,0332P,,NY,F,240,E 52ND ST,,0,408,C,,YYYYYBB,0800A,0700P,GY,0,0,-,0,,,,,
1435692408,FLW7424,NY,PAS,01/24/2018,31,SUBN,ME/BE,P,18030,10210,10110,20190403,,0,401,946550,0401,0000,0330P,,NY,O,250,E 52 ST,,0,408,C3,,YYYYYBB,0800A,0700P,BL,0,2017,-,0,,,,,
1437249838,HPD3687,NY,PAS,01/24/2018,31,SUBN,ME/BE,P,17890,25390,32670,20180930,,0,401,960687,0401,0000,0515P,,NY,O,45,E 45 ST,,0,408,C,,YYYYYBB,0700A,0600P,BK,0,2017,-,0,,,,,
1437247672,KJS6790,PA,PAS,01/24/2018,31,,TOYOT,P,34470,10410,10510,0,401,401,401,960800,0401,0000,0113P,,NY,F,30,WEST 35TH STREET,,0,408,C,,BBBBBBB,ALL,ALL,,0,0,-,0,,,,,
1437245080,GXL2061,PA,PAS,01/24/2018,31,SDN,ME/BE,P,34710,10810,10910,0,18,18,401,957132,0401,0000,0305P,,,O,313,W 47TH STREET,,0,408,C,,BBBBBBB,ALL,ALL,TAN,0,0,-,0,,,,,
1437244452,HLG756,NC,PAS,01/24/2018,31,VAN,CHRYS,P,18090,24890,10210,0,,0,401,954673,0401,0000,0522P,,NY,F,137,EAST 55 STREET,,0,408,I3,,YYYYYBB,0700A,0600P,BLUE,0,0,-,0,,,,,
1437240021,HAU4081,NY,PAS,01/24/2018,31,SUBN,ME/BE,P,34830,10810,10910,20180101,17,17,401,937813,0401,0000,0812A,,NY,F,312,W 53RD STREET,,0,408,I3,,BBBBBBB,0700A,0700P,BK,0,2015,-,0,,,,,
1437240010,KHK2757,PA,PAS,01/24/2018,31,SDN,BMW,P,34350,10610,10810,0,17,17,401,937823,0401,0000,0724A,,NY,O,231,W 29TH STREET,,0,408,K2,,BBBBBBB,0700A,0700P,BK,0,0,-,0,,,,,
1437239985,HPE1944,NY,PAS,01/24/2018,31,P-U,NISSA,P,18150,10210,10110,20180511,17,17,401,957943,0401,0000,0941A,,NY,F,222,E 58 ST,,0,408,I3,,YYYYYBB,0600A,0300P,SIL,0,2016,-,0,,,,,
1437255796,GTT8689,NY,PAS,01/24/2018,31,SUBN,TOYOT,P,10210,17710,17730,20181204,14,14,401,953597,0401,0000,1045A,,NY,F,552,3RD AVE,,0,408,C,,YYYYYYB,0700A,0700P,BL,0,2006,-,0,,,,,
1437253659,HHC2510,NY,PAS,01/24/2018,31,SUBN,MITSU,P,17710,10410,25390,20180609,,0,401,955318,0401,0000,0347P,,NY,O,23,E 36 STREET,,0,408,C,,BBBBBBB,ALL,ALL,BK,0,2005,-,0,,,,,
1437253337,GZK1348,NY,PAS,01/24/2018,31,SDN,ME/BE,P,34870,10410,10510,20190614,17,17,401,957845,0401,0000,0503P,,NY,F,55,W 55 ST,,0,408,I3,,YYYYYBB,0700A,0600P,BL,0,2015,-,0,,,,,
1437253295,HKT3985,NY,PAS,01/24/2018,31,SDN,MINI,P,18050,10410,25390,20181108,17,17,401,957845,0401,0000,0347P,,NY,O,1,E 53 ST,,0,408,C,,YYYYYBB,0700A,0600P,BL,0,2015,-,0,,,,,
1435692433,HXN1047,NY,PAS,01/24/2018,31,SUBN,JEEP,P,0,40404,40404,20180225,,0,401,946550,0401,0000,0338P,,NY,F,216,E 52ND ST,,0,408,F1,,BBBBBBB,ALL,ALL,GY,0,2018,-,0,,,,,
1435690620,GPY8829,NY,PAS,01/24/2018,31,SUBN,DODGE,P,17770,27790,24890,20180531,17,17,401,957564,0401,0000,0429P,,NY,F,126,E 39 ST,,0,408,C,,YYYYYBB,0700A,0600P,BLK,0,2015,-,0,,,,,
1435611159,J42HSR,NJ,PAS,01/24/2018,31,SUBN,DODGE,P,14310,22690,25490,0,5,5,0,362558,SICA,0000,0340P,,NY,F,27,CATHERINE ST,,0,408,C,,YYYYYYB,0700A,0700P,SILVR,0,0,-,0,,,,,
1435610027,J86DZH,NJ,PAS,01/24/2018,31,SUBN,BMW,P,27100,24050,21230,0,1,1,0,362558,SICA,0000,1237P,,NY,O,90,NASSAU ST,,0,408,K2,,YYYYYYB,0700A,0700P,GY,0,0,-,0,,,,,
1416418349,GWF3050,NY,PAS,01/24/2018,31,SUBN,GMC,P,17990,10210,10110,20190216,,0,401,945615,0401,0000,0325P,,NY,F,249,E 50TH ST,,0,408,E2,,YYYYYYB,0700A,0700P,BLK,0,2015,-,0,,,,,
8638705610,043164R,NJ,PAS,01/24/2018,31,SUBN,ACURA,T,13610,29290,19890,88880088,1,1,1,363137,T105,G,0315P,,NY,F,575,Broadway,,0,408,l3,,YYYYY,0700A,0600P,GREY,,0,,0,054,31-No Stand (Com. Mtr. Zone),,,
8636057942,35305MH,NY,COM,01/24/2018,31,VAN,NISSA,T,34430,10510,10610,20190831,14,14,14,363141,T106,M,0720A,,NY,F,155,W 33rd St,,0,408,l3,,YYYYY,0700A,0700P,WH,,2015,,0,40,31-No Stand (Com. Mtr. Zone),,,
8636057899,48396ME,NY,COM,01/24/2018,31,VAN,FORD,T,34470,10610,10810,20180228,14,14,14,363141,T106,M,0641A,,NY,F,212,W 35th St,,0,408,l3,,YYYYY,0600A,0700P,WH,,2013,,0,40,31-No Stand (Com. Mtr. Zone),,,
8637153185,FGX7234,NY,PAS,01/24/2018,31,4DSD,LEXUS,T,10110,18490,18510,20190301,19,19,19,356214,T103,CC,0716A,,NY,F,1450,2nd Ave,,0,408,l3,,Y,0700A,0700P,GY,,2011,,0,CC1,31-No Stand (Com. Mtr. Zone),,,
8635802100,HHY6171,NY,PAS,01/24/2018,31,VAN,SPRI,T,18110,24890,10210,20180814,18,18,18,346346,MTTF,F,0243P,,NY,F,141,E 56th St,,0,408,l3,,YYYYY,0700A,0600P,WH,,2003,,0,10,31-No Stand (Com. Mtr. Zone),,,
8635801910,GER8472,NY,PAS,01/24/2018,31,4DSD,DODGE,T,34750,10410,29900,20190222,18,18,18,346346,MTTF,F,0934A,,NY,F,4,W 49th St,,0,408,l3,,YYYYY,0700A,0600P,BK,,2013,,0,10,31-No Stand (Com. Mtr. Zone),,,
8635801854,HFC9715,NY,PAS,01/24/2018,31,PICK,FORD,T,17850,0,0,20180125,14,14,14,346346,MTTF,F,0849A,,NY,I,S,E 43rd St,15ft W/of Madison Av,0,408,l3,,YYYYY,0700A,0600P,BK,,2016,,0,10,31-No Stand (Com. Mtr. Zone),,,
8634357820,HMX8917,NY,PAS,01/24/2018,31,SUBN,SUBAR,T,34470,13610,10610,20190418,14,14,14,350408,T106,M,0233P,,NY,F,131,W 35th St,,0,408,l3,,YYYYY,0600A,0700P,GR,,2007,,0,33,31-No Stand (Com. Mtr. Zone),,,
8634357776,HSF7324,NY,PAS,01/24/2018,31,SUBN,DODGE,T,34470,10610,10810,20190809,14,14,14,350408,T106,M,0221P,,NY,F,240,W 35th St,,0,408,l3,,YYYYY,0600A,0700P,GY,,2005,,0,33,31-No Stand (Com. Mtr. Zone),,,
8634912425,GVV2167,NY,PAS,01/24/2018,31,SUBN,GMC,T,30620,11510,24990,20190108,1,1,1,361083,T105,N,0551P,,NY,F,340,South End Ave,,0,408,l3,,YYYYY,0800A,0600P,BK,,2015,,0,R,31-No Stand (Com. Mtr. Zone),,,
8634912413,HMM9220,NY,PAS,01/24/2018,31,SUBN,AUDI,T,30620,11510,24990,20190122,1,1,1,361083,T105,N,0550P,,NY,O,375,South End Ave,,0,408,l3,,YYYYY,1000A,0600P,WH,,2017,,0,R,31-No Stand (Com. Mtr. Zone),,,
8636058284,GTF3485,NY,PAS,01/24/2018,31,SUBN,DODGE,T,13610,34510,34530,20180831,14,14,14,363141,T106,M,0314P,,NY,F,1385,Broadway,,0,408,l3,,YYYYY,0700A,0600P,GY,,2016,,0,40,31-No Stand (Com. Mtr. Zone),,,
8636058089,GXN5014,NY,PAS,01/24/2018,31,SUBN,CHEVR,T,34550,10610,10810,20170519,14,14,14,363141,T106,M,0102P,,NY,F,250,W 39th St,,0,408,l3,,YYYYY,0600A,0700P,GY,,2015,,0,40,31-No Stand (Com. Mtr. Zone),,,
8636058053,HER5852,NY,PAS,01/24/2018,31,SUBN,FORD,T,32600,13610,10610,20180228,18,18,18,363141,T106,M,0913A,,NY,F,7,Times Sq,,0,408,l3,,YYYYY,0700A,0600P,WH,,2006,,0,40,31-No Stand (Com. Mtr. Zone),,,
8637153197,HLD9393,NY,PAS,01/24/2018,31,SUBN,CADIL,T,10110,18490,18510,20180831,19,19,19,356214,T103,CC,0717A,,NY,F,1450,2nd Ave,,0,408,l3,,Y,0700A,0700P,BK,,2016,,0,CC1,31-No Stand (Com. Mtr. Zone),,,
8639150576,HHG8975,NY,PAS,01/24/2018,31,SUBN,HONDA,T,16890,8790,61090,20180706,115,115,115,367355,T401,T,0331P,,Q,O,37-12,82nd St,,0,408,l3,,Y,0900A,0700P,GY,,2010,,0,12,31-No Stand (Com. Mtr. Zone),,,
8638705657,HVZ3809,NY,PAS,01/24/2018,31,SUBN,BMW,T,25630,28490,33490,20191003,1,1,1,363137,T105,G,0502P,,NY,F,125,Maiden Ln,,0,408,l3,,YYYYY,0100P,0600P,WH,,2014,,0,054,31-No Stand (Com. Mtr. Zone),,,
8638705591,HNJ1656,NY,PAS,01/24/2018,31,SUBN,FORD,T,21705,13610,21700,20180216,9,9,9,363137,T105,G,0245P,,NY,O,1,Great Jones St,,0,408,l3,,YYYYY,0800A,0600P,GY,,2014,,0,054,31-No Stand (Com. Mtr. Zone),,,
8635455400,GEW2029,NY,PAS,01/24/2018,31,PICK,DODGE,T,23130,13610,25990,20190314,1,1,1,365918,T105,N,0547P,,NY,O,46,Howard St,,0,408,l3,,YYYYY,0800A,0600P,GY,,2013,,0,X,31-No Stand (Com. Mtr. Zone),,,
8634158378,GRA5650,NY,PAS,01/24/2018,31,VAN,CHEVR,T,34170,10410,10510,20180729,13,13,13,357783,T102,I,0430P,,NY,O,2,W 20th St,,0,408,l3,,YYYYY,0800A,0600P,WH,,2008,,0,A,31-No Stand (Com. Mtr. Zone),,,
8634158366,HRN4891,NY,PAS,01/24/2018,31,SUBN,JEEP,T,34170,10410,10510,20190626,13,13,13,357783,T102,I,0428P,,NY,O,20,W 20th St,,0,408,l3,,YYYYY,0800A,0600P,BK,,2011,,0,A,31-No Stand (Com. Mtr. Zone),,,
8634158354,HLW3095,NY,PAS,01/24/2018,31,SUBN,VOLKS,T,34170,10410,10510,20181117,13,13,13,357783,T102,I,0425P,,NY,F,40,W 20th St,,0,408,l3,,YYYYY,0800A,0600P,BK,,2017,,0,A,31-No Stand (Com. Mtr. Zone),,,
8633960679,HPX9346,NY,PAS,01/24/2018,31,CONV,PORSC,T,27100,13015,29295,20190601,1,1,1,357338,T105,N,0600P,,NY,F,145,Nassau St,,0,408,l3,,Y,0700A,0700P,BK,,2008,,0,U,31-No Stand (Com. Mtr. Zone),,,
8632802161,GGP9911,NY,PAS,01/24/2018,31,SUBN,MITSU,T,34290,13610,10510,20181002,13,13,13,352036,T108,K,0616P,,NY,F,55,W 26th St,,0,408,l3,,YYYYY,0800A,0700P,BL,,2011,,0,01B,31-No Stand (Com. Mtr. Zone),,,
8629357629,HCZ8969,NY,PAS,01/24/2018,31,2DSD,FORD,T,15640,35780,8890,20180704,115,115,115,363538,T401,P,0319P,,Q,F,37-27,74th St,,0,408,l3,,Y,0800A,0700P,GY,,2003,,0,11-A,31-No Stand (Com. Mtr. Zone),,,
8629711978,J86CJA,NJ,PAS,01/24/2018,31,SUBN,FORD,T,8790,15790,15990,88880088,115,115,115,357759,T401,U,0226P,,Q,O,75-16,37th Ave,,0,408,l3,,Y,0900A,0700P,GREY,,0,,0,41,31-No Stand (Com. Mtr. Zone),,,
8628817906,HCN2026,NY,PAS,01/24/2018,31,SUBN,LEXUS,T,13610,23130,21690,20191208,5,5,5,349538,T105,H,0514P,,NY,F,444,Broadway,,0,408,l3,,YYYYY,0700A,0600P,WH,,2016,,0,001,31-No Stand (Com. Mtr. Zone),,,
8628817890,KGV8365,PA,PAS,01/24/2018,31,4DSD,KIA,T,13610,23130,21690,88880088,5,5,5,349538,T105,H,0511P,,NY,F,434,Broadway,,0,408,l3,,YYYYY,0700A,0600P,WHITE,,0,,0,001,31-No Stand (Com. Mtr. Zone),,,
8628754507,HJR3215,NY,PAS,01/24/2018,31,SUBN,FORD,T,26990,13810,24190,20180724,5,5,5,366569,T105,G,0221P,,NY,F,184,Mulberry St,,0,408,l3,,Y,0700A,0600P,GR,,0,,0,055,31-No Stand (Com. Mtr. Zone),,,
8628754453,JKE1838,PA,PAS,01/24/2018,31,SEDN,TOYOT,T,13610,29290,19890,88880088,5,5,5,366569,T105,G,0131P,,NY,F,581,Broadway,,0,408,l3,,YYYYY,0700A,0600P,SILVE,,0,,0,055,31-No Stand (Com. Mtr. Zone),,,
8616466101,HAL7908,NY,PAS,01/24/2018,31,SUBN,GMC,T,13610,19890,13310,20190930,9,9,9,363951,T101,G,1133A,,NY,F,636,Broadway,,0,408,l3,,YYYYY,0700A,0600P,WH,,2014,,0,32,31-No Stand (Com. Mtr. Zone),,,
8616466095,KNT2506,PA,PAS,01/24/2018,31,4DSD,DODGE,T,21705,0,0,88880088,9,9,9,363951,T101,G,1122A,,NY,I,N,Great Jones St,50ft E/of Broadway,0,408,l3,,YYYYY,0800A,0600P,BLACK,,0,,0,32,31-No Stand (Com. Mtr. Zone),,,
8621921870,GKE1488,NY,PAS,01/24/2018,31,PICK,FORD,T,18050,10210,10110,20171104,17,17,17,358570,MTTF,C,0927A,,NY,F,226,E 53rd St,,0,408,l3,,Y,0700A,0700P,BK,,2016,,0,23,31-No Stand (Com. Mtr. Zone),,,
8618900310,GWC3440,NY,PAS,01/24/2018,31,SUBN,FORD,T,34530,0,0,20190209,14,14,14,363115,T106,N,0534P,,NY,I,S,W 38th St,20ft E/of Broadway,0,408,l3,,YYYYY,0600A,0700P,BK,,2015,,0,06,31-No Stand (Com. Mtr. Zone),,,
8618900230,GVU9329,NY,PAS,01/24/2018,31,SUBN,CADIL,T,17690,10410,25390,20190218,17,17,17,363115,T106,N,0258P,,NY,F,16,E 35th St,,0,408,l3,,YYYYY,0700A,0700P,GL,,2015,,0,06,31-No Stand (Com. Mtr. Zone),,,
8618900187,HSK3945,NY,PAS,01/24/2018,31,SUBN,GMC,T,34550,10410,10510,88880088,14,14,14,363115,T106,N,0236P,,NY,F,15-19,W 39th St,,0,408,l3,,YYYYY,0600A,0700P,BLACK,,0,,0,06,31-No Stand (Com. Mtr. Zone),,,
8616386531,HSZ2426,NY,PAS,01/24/2018,31,4DSD,NISSA,T,13610,13810,30790,20190713,1,1,1,362626,T101,D,0350P,,NY,F,505,Broadway,,0,408,l3,,YYYYY,0700A,0600P,GY,,2005,,0,70,31-No Stand (Com. Mtr. Zone),,,
8616386488,L46JLC,NJ,PAS,01/24/2018,31,SUBN,BMW,T,13810,13610,25990,88880088,1,1,1,362626,T101,D,0332P,,NY,F,444,Broome St,,0,408,l3,,YYYYY,0800A,0600P,WHITE,,0,,0,70,31-No Stand (Com. Mtr. Zone),,,
8627131016,GUY2586,NY,PAS,01/24/2018,31,SUBN,JEEP,T,10110,18770,18790,20180205,19,19,19,365362,T103,GG,0122P,,NY,F,1735,2nd Ave,,0,408,l3,,YYYYY,1000A,0200P,WHITE,,2018,,0,58,31-No Stand (Com. Mtr. Zone),,,
8619458190,HTU4772,NY,OMS,01/24/2018,31,SUBN,FORD,T,34550,10610,10810,20180930,14,14,14,333733,T106,P,0558P,,NY,F,214,W 39th St,,0,408,l3,,YYYYY,0600A,0700P,GY,,2018,,0,21,31-No Stand (Com. Mtr. Zone),,,
8616606130,HGM3047,NY,PAS,01/24/2018,31,PICK,TOYOT,T,34130,10510,10610,20180515,13,13,13,361135,T102,H,1134A,,NY,F,160,W 18th St,,0,408,l3,,YYYYY,0800A,0700P,GY,,2016,,0,27,31-No Stand (Com. Mtr. Zone),,,
8628012655,HCD2483,NY,PAS,01/24/2018,31,SUBN,NISSA,T,24050,15500,28490,20180228,1,1,1,363467,T105,J,0306P,,NY,F,116,John St,,0,408,l3,,YYYYY,0700A,0700P,GY,,2016,,0,003,31-No Stand (Com. Mtr. Zone),,,
8621658884,HHU1393,NY,PAS,01/24/2018,31,SUBN,DODGE,T,10210,17750,17770,20181231,17,17,17,347687,MTTF,C,0915A,,NY,F,578,3rd Ave,,0,408,l3,,Y,0700A,0700P,BK,,2017,,0,14,31-No Stand (Com. Mtr. Zone),,,
8621658732,HSM4895,NY,PAS,01/24/2018,31,4DSD,FORD,T,17810,27790,24890,20190806,17,17,17,347687,MTTF,C,0707A,,NY,F,125,E 41st St,,0,408,l3,,Y,0700A,0700P,GL,,2007,,0,14,31-No Stand (Com. Mtr. Zone),,,
8621414946,HHIT48,FL,PAS,01/24/2018,31,4DSD,CHRYS,T,32670,17890,17910,20180388,18,18,18,353068,MTTF,G,0232P,,NY,F,70,Vanderbilt Ave,,0,408,l3,,Y,0700A,0700P,WHITE,,0,,0,03,31-No Stand (Com. Mtr. Zone),,,
8618362712,HAL4136,NY,PAS,01/24/2018,31,4DSD,HYUND,T,34670,10410,10510,20191203,14,14,14,363515,T106,J,0211P,,NY,F,56,W 45th St,,0,408,l3,,YYYYY,0700A,0600P,BL,,2005,,0,23,31-No Stand (Com. Mtr. Zone),,,
8626961558,GGU9924,NY,PAS,01/24/2018,31,SUBN,SUBAR,T,10010,18490,18510,20190725,19,19,19,365335,T103,Y,1146A,,NY,F,1456,1st Ave,,0,408,l3,,YYYYY,1000A,0200P,GR,,2017,,0,CC1,31-No Stand (Com. Mtr. Zone),,,
8634211101,GWU2695,NY,PAS,01/24/2018,31,2DSD,HONDA,T,15640,35780,8890,20190306,115,115,115,358124,T401,H,0240P,,Q,F,37-27,74th St,,0,408,l3,,Y,0800A,0700P,RD,,2017,,0,10,31-No Stand (Com. Mtr. Zone),,,
8619560761,HSB1001,NY,PAS,01/24/2018,31,4DSD,HYUND,T,34630,10410,10510,20190801,14,14,14,351311,T106,P,0153P,,NY,F,4,W 43rd St,,0,408,l3,,Y,0700A,0600P,BL,,2008,,0,29,31-No Stand (Com. Mtr. Zone),,,
8616807172,M42HVY,NJ,PAS,01/24/2018,31,PICK,GMC,T,10510,34650,34670,88880088,14,14,14,352995,T106,E,0935A,,NY,F,1155,6th Ave,,0,408,l3,,YYYYY,0700A,0700P,WHITE,,0,,0,24,31-No Stand (Com. Mtr. Zone),,,
8616807070,HWW2910,NY,OMS,01/24/2018,31,SUBN,CHEVR,T,34510,10810,10910,20180930,14,14,14,352995,T106,E,0736A,,NY,F,302,W 37th St,,0,408,l3,,YYYYY,0600A,0700P,BK,,2018,,0,24,31-No Stand (Com. Mtr. Zone),,,
8616807068,HPM8689,NY,PAS,01/24/2018,31,4DSD,BMW,T,34490,10610,10810,20190413,14,14,14,352995,T106,E,0658A,,NY,F,269,W 36th St,,0,408,l3,,YYYYY,0600A,0700P,BK,,2012,,0,24,31-No Stand (Com. Mtr. Zone),,,
8615521852,HRK3843,NY,OMS,01/24/2018,31,SUBN,JEEP,T,13610,17210,17230,20180930,6,6,6,363924,T101,M,0845A,,NY,F,818,Broadway,,0,408,l3,,YYYYY,0700A,0600P,GY,,2017,,0,C,31-No Stand (Com. Mtr. Zone),,,
8624926166,GUY5801,NY,PAS,01/24/2018,31,PICK,DODGE,T,10010,18410,18430,20181030,19,19,19,361305,T103,S,0229P,,NY,O,1330,1st Ave,,0,408,l3,,Y,0800A,0600P,RD,,2018,,0,01,31-No Stand (Com. Mtr. Zone),,,
8624926105,H62HNT,NJ,PAS,01/24/2018,31,SUBN,CADIL,T,10010,18430,18450,88880088,19,19,19,361305,T103,S,0140P,,NY,O,1359,1st Ave,,0,408,l3,,YYYYY,1000A,0200P,BLACK,,0,,0,01,31-No Stand (Com. Mtr. Zone),,,
8618155901,GAR4182,NY,PAS,01/24/2018,31,SUBN,FORD,T,24890,18070,18090,20180802,17,17,17,363941,T106,L,0241P,,NY,F,643,Lexington Ave,,0,408,l3,,Y,0700A,0700P,RD,,2004,,0,39,31-No Stand (Com. Mtr. Zone),,,
8615966795,GVU5823,NY,PAS,01/24/2018,31,4DSD,ME/BE,T,17190,13610,10350,20190101,9,9,9,366469,T101,D,0546P,,NY,F,70,E 10th St,,0,408,l3,,YYYYY,0800A,0600P,BK,,2014,,0,69,31-No Stand (Com. Mtr. Zone),,,
8615966643,GUH1295,NY,PAS,01/24/2018,31,SUBN,NISSA,T,13610,17210,17230,20181029,9,9,9,366469,T101,D,0210P,,NY,F,812,Broadway,,0,408,l3,,YYYYY,0700A,0600P,WH,,2017,,0,69,31-No Stand (Com. Mtr. Zone),,,
8626356985,GPT6178,NY,PAS,01/24/2018,31,SUBN,HUMME,T,10110,18610,18630,20180723,19,19,19,363487,T103,S,0532P,,NY,F,1566,2nd Ave,,0,408,l3,,Y,0700A,0700P,WH,,2007,,0,05,31-No Stand (Com. Mtr. Zone),,,
8628669620,GSM9386,NY,PAS,01/24/2018,31,4DSD,VOLKS,T,11820,13610,24390,20180919,9,9,9,351250,T105,J,0344P,,NY,F,10,Astor Pl,,0,408,l3,,YYYYY,0800A,0600P,BK,,2012,,0,069,31-No Stand (Com. Mtr. Zone),,,
8620355065,HTV3640,NY,999,01/24/2018,31,SUBN,ME/BE,T,10210,17830,17850,88880088,17,17,17,366512,T106,I,0610P,,NY,F,679,3rd Ave,,0,408,l3,,Y,0700A,0700P,SILVE,,0,,0,05,31-No Stand (Com. Mtr. Zone),,,
8620354929,HJF2465,NY,PAS,01/24/2018,31,PICK,FORD,T,17810,0,0,20180803,17,17,17,366512,T106,I,0217P,,NY,I,N,E 41st St,45ft W/of 3rd Ave,0,408,l3,,Y,0700A,0700P,BK,,2015,,0,05,31-No Stand (Com. Mtr. Zone),,,
8617655215,J839MT,FL,PAS,01/24/2018,31,SUBN,FORD,T,18110,27790,24890,20180388,18,18,18,359616,T106,H,0723A,,NY,O,136,E 56th St,,0,408,l3,,YYYYY,0700A,0600P,RED,,0,,0,39,31-No Stand (Com. Mtr. Zone),,,
8615810059,H74GGY,NJ,PAS,01/24/2018,31,4DSD,ME/BE,T,13810,0,0,88880088,1,1,1,359633,T101,C,1101A,,NY,I,S,Broome St,50ft E/of Mercer St,0,408,l3,,YYYYY,0800A,0600P,BLACK,,0,,0,24,31-No Stand (Com. Mtr. Zone),,,
8628563994,M29FXK,NJ,PAS,01/24/2018,31,4DSD,MITSU,T,13610,21690,13810,88880088,1,1,1,363555,T105,C,0130P,,NY,F,484,Broadway,,0,408,l3,,YYYYY,0700A,0600P,OTHER,,0,,0,066,31-No Stand (Com. Mtr. Zone),,,
8628563970,GDX9608,NY,PAS,01/24/2018,31,SUBN,FORD,T,21690,21730,25990,20181219,1,1,1,363555,T105,C,0120P,,NY,F,96,Grand St,,0,408,l3,,Y,0900A,0700P,RD,,2010,,0,066,31-No Stand (Com. Mtr. Zone),,,
8620062001,GTU2027,NY,PAS,01/24/2018,31,4DSD,TOYOT,T,32670,17890,17910,20181109,18,18,18,362639,T106,L,0205P,,NY,F,70,Vanderbilt Ave,,0,408,l3,,Y,0700A,0700P,BL,,2015,,0,18,31-No Stand (Com. Mtr. Zone),,,
8620061999,HHIT48,FL,PAS,01/24/2018,31,4DSD,CHRYS,T,32670,17890,17910,20180088,18,18,18,362639,T106,L,0203P,,NY,F,70,Vanderbilt Ave,,0,408,l3,,Y,0700A,0700P,WHITE,,0,,0,18,31-No Stand (Com. Mtr. Zone),,,
8617463788,GPY1791,NY,PAS,01/24/2018,31,SUBN,HONDA,T,34110,10410,10510,20180623,13,13,13,365842,T102,C,0820A,,NY,F,22,W 17th St,,0,408,l3,,YYYYY,0700A,0600P,BL,,2014,,0,03,31-No Stand (Com. Mtr. Zone),,,
8623462142,HMM9804,NY,PAS,01/24/2018,31,SUBN,HONDA,T,11710,35370,35390,20190109,20,20,20,362620,T103,D,1054A,,NY,F,425,Amsterdam Ave,,0,408,l3,,Y,0700A,0100P,GR,,2005,,0,34,31-No Stand (Com. Mtr. Zone),,,
8628315380,JRH5463,PA,PAS,01/24/2018,31,CONV,CHEVR,T,25630,28490,33490,20170188,1,1,1,356255,T105,H,0318P,,NY,F,110,Maiden Ln,,0,408,l3,,YYYYY,0800A,0600P,BLACK,,0,,0,026,31-No Stand (Com. Mtr. Zone),,,
8620860677,HSL9360,NY,PAS,01/24/2018,31,4DSD,AUDI,T,34270,10510,10610,20190802,13,13,13,365365,T102,H,0831A,,NY,F,124,W 25th St,,0,408,l3,,YYYYY,0800A,0700P,BL,,2017,,0,26,31-No Stand (Com. Mtr. Zone),,,
8620860665,GTE4873,NY,PAS,01/24/2018,31,SUBN,CHRYS,T,34270,13610,10510,20180808,13,13,13,365365,T102,H,0820A,,NY,F,36,W 25th St,,0,408,l3,,YYYYY,0800A,0600P,WH,,2014,,0,26,31-No Stand (Com. Mtr. Zone),,,
8617809644,GVJ9668,NY,PAS,01/24/2018,31,PICK,GMC,T,17910,10410,25390,20181222,18,18,18,358130,T106,O,0225P,,NY,F,2,E 46th St,,0,408,l3,,YYYYY,0700A,0600P,GY,,2018,,0,24,31-No Stand (Com. Mtr. Zone),,,
8628669747,GCJ8992,NY,PAS,01/24/2018,31,SUBN,JEEP,T,13610,33690,11820,20181122,6,6,6,351250,T105,J,0526P,,NY,O,738,Broadway,,0,408,l3,,YYYYY,0700A,0600P,RD,,2013,,0,069,31-No Stand (Com. Mtr. Zone),,,
8632625172,HFR6353,NY,PAS,01/24/2018,31,4DSD,HONDA,T,15640,35780,8890,20180508,115,115,115,357765,T401,U,0544P,,Q,F,37-27,74th St,,0,408,l3,,Y,0800A,0700P,BK,,2006,,0,51-A,31-No Stand (Com. Mtr. Zone),,,
8619855694,HWG2186,NY,PAS,01/24/2018,31,4DSD,ME/BE,T,34530,10610,10810,20191031,14,14,14,363065,T106,O,0317P,,NY,F,230,W 38th St,,0,408,l3,,YYYYY,0600A,0700P,BK,,2018,,0,26,31-No Stand (Com. Mtr. Zone),,,
8604037305,GKE3095,NY,PAS,01/24/2018,31,SUBN,NISSA,T,16890,8790,61090,20191030,115,115,115,357347,T401,R,0217P,,Q,O,37-12,82nd St,,0,408,l3,,Y,0900A,0700P,GY,,2017,,0,51-A,31-No Stand (Com. Mtr. Zone),,,
8604037214,JYN7793,PA,PAS,01/24/2018,31,SUBN,GMC,T,16890,8790,61090,20180988,115,115,115,357347,T401,R,0116P,,Q,O,37-12,82nd St,,0,408,l3,,Y,0900A,0700P,BLACK,,0,,0,51-A,31-No Stand (Com. Mtr. Zone),,,
8602479049,HAL7908,NY,PAS,01/24/2018,31,SUBN,GMC,T,13610,19890,13310,20190930,9,9,9,363518,T105,G,0224P,,NY,F,636,Broadway,,0,408,l3,,YYYYY,0700A,0600P,WH,,2014,,0,058,31-No Stand (Com. Mtr. Zone),,,
8602421345,HMN7585,NY,PAS,01/24/2018,31,4DSD,NISSA,T,21690,21730,25990,20190212,1,1,1,366444,T105,C,1040A,,NY,F,96A,Grand St,,0,408,l3,,Y,0900A,0700P,BK,,2010,,0,032,31-No Stand (Com. Mtr. Zone),,,
8604037408,GVA4344,NY,PAS,01/24/2018,31,SUBN,TOYOT,T,16890,8790,61090,20181104,115,115,115,357347,T401,R,0425P,,Q,O,37-12,82nd St,,0,408,l3,,Y,0900A,0700P,BK,,2015,,0,51-A,31-No Stand (Com. Mtr. Zone),,,
8598827812,GJP9982,NY,PAS,01/24/2018,31,SUBN,SPRI,T,22890,15310,13460,20191112,5,5,5,353164,T101,D,0429P,,NY,F,147,Hester St,,0,408,l3,,Y,0800A,0700P,BK,,2004,,0,42,31-No Stand (Com. Mtr. Zone),,,
8598827642,ISXF61,NJ,PAS,01/24/2018,31,SUBN,PORSC,T,13610,17210,17230,88880088,9,9,9,353164,T101,D,1210P,,NY,F,818,Broadway,,0,408,l3,,YYYYY,0700A,0600P,BLACK,,0,,0,42,31-No Stand (Com. Mtr. Zone),,,
8600968744,L40FZY,NJ,PAS,01/24/2018,31,4DSD,TOYOT,T,17810,0,0,88880088,14,14,14,359628,T106,L,0605P,,NY,I,S,E 41st St,15ft E/of Madison Av,0,408,l3,,Y,0700A,0700P,WHITE,,0,,0,32,31-No Stand (Com. Mtr. Zone),,,
8600968707,HTE8485,NY,PAS,01/24/2018,31,CONV,AUDI,T,17770,10410,25390,20190710,14,14,14,359628,T106,L,0338P,,NY,F,11,E 39th St,,0,408,l3,,Y,0700A,0700P,BK,,2018,,0,32,31-No Stand (Com. Mtr. Zone),,,
8600968598,HUU4808,NY,PAS,01/24/2018,31,4DSD,HONDA,T,34530,10410,10510,20190824,14,14,14,359628,T106,L,0136P,,NY,F,49,W 38th St,,0,408,l3,,YYYYY,0700A,0600P,RD,,2018,,0,32,31-No Stand (Com. Mtr. Zone),,,
8599219546,GGP4476,NY,PAS,01/24/2018,31,4DSD,ME/BE,T,17810,25390,27790,20190508,14,14,14,346001,T106,J,0601P,,NY,F,45,E 41st St,,0,408,l3,,Y,0700A,0700P,WH,,2015,,0,10,31-No Stand (Com. Mtr. Zone),,,
8599219522,HRP2077,NY,PAS,01/24/2018,31,4DSD,MINI,T,27790,17790,17810,20190527,14,14,14,346001,T106,J,0545P,,NY,F,101,Park Ave,,0,408,l3,,Y,0700A,0700P,GY,,2017,,0,10,31-No Stand (Com. Mtr. Zone),,,
8599219479,GCV9320,NY,PAS,01/24/2018,31,4DSD,NISSA,T,17770,0,0,20190416,14,14,14,346001,T106,J,0227P,,NY,I,N,E 39th St,30ft E/of Park Ave,0,408,l3,,Y,0700A,0700P,GY,,2009,,0,10,31-No Stand (Com. Mtr. Zone),,,
8598371294,H19CWC,NJ,PAS,01/24/2018,31,4DSD,TOYOT,T,10810,34510,34530,88880088,14,14,14,356525,T106,G,0613P,,NY,F,555,8th Ave,,0,408,l3,,Y,0700A,0700P,SILVE,,0,,0,46,31-No Stand (Com. Mtr. Zone),,,
8599422248,GWE6225,NY,PAS,01/24/2018,31,4DSD,PONTI,T,13610,34890,34910,20190115,18,18,18,358658,T106,H,1035A,,NY,F,1755,Broadway,,0,408,l3,,YYYYY,0700A,0600P,BK,,2006,,0,34,31-No Stand (Com. Mtr. Zone),,,
8598974274,HWW2073,NY,PAS,01/24/2018,31,4DSD,ME/BE,T,23130,13610,25990,20191218,1,1,1,362224,T105,C,0250P,,NY,O,46,Howard St,,0,408,l3,,YYYYY,0800A,0600P,WH,,2016,,0,059,31-No Stand (Com. Mtr. Zone),,,
8598118400,GQMB94,FL,PAS,01/24/2018,31,SUBN,DODGE,T,10210,17430,17450,20180688,13,13,13,359592,T102,A,1001A,,NY,F,295,3rd Ave,,0,408,l3,,YYYYY,0800A,0600P,WHITE,,0,,0,D,31-No Stand (Com. Mtr. Zone),,,
8588028773,GKW7978,NY,PAS,01/24/2018,31,SUBN,LEXUS,T,34510,10810,10910,20191113,14,14,14,356484,T106,P,0638P,,NY,F,302,W 37th St,,0,408,l3,,YYYYY,0600A,0700P,GY,,2016,,0,17,31-No Stand (Com. Mtr. Zone),,,
8588028669,HDR9756,NY,PAS,01/24/2018,31,SUBN,DODGE,T,34490,10610,10810,88880088,14,14,14,356484,T106,P,0109P,,NY,O,236,W 36th St,,0,408,l3,,YYYYY,0600A,0700P,WHITE,,2016,,0,17,31-No Stand (Com. Mtr. Zone),,,
8591183794,GRZ8197,NY,PAS,01/24/2018,31,SUBN,JEEP,T,34310,10510,10610,20180817,13,13,13,356521,T102,A,0405P,,NY,F,101,W 27th St,,0,408,l3,,YYYYY,0800A,0600P,BL,,2015,,0,A,31-No Stand (Com. Mtr. Zone),,,
8591183782,GEG6801,NY,PAS,01/24/2018,31,SUBN,TOYOT,T,34310,13610,10510,20190114,13,13,13,356521,T102,A,0336P,,NY,F,45,W 27th St,,0,408,l3,,YYYYY,0800A,0600P,GY,,2010,,0,A,31-No Stand (Com. Mtr. Zone),,,
8591183757,GXU2028,NY,PAS,01/24/2018,31,4DSD,NISSA,T,34310,13610,10510,20190503,13,13,13,356521,T102,A,0330P,,NY,O,27,W 27th St,,0,408,l3,,YYYYY,0800A,0600P,GY,,2003,,0,A,31-No Stand (Com. Mtr. Zone),,,
8600868956,HTV2418,NY,PAS,01/24/2018,31,4DSD,HONDA,T,34530,10610,10810,20190904,14,14,14,363029,T106,O,0541P,,NY,F,250,W 38th St,,0,408,l3,,YYYYY,0600A,0700P,BK,,2017,,0,07,31-No Stand (Com. Mtr. Zone),,,
8600868877,HMP9018,NY,PAS,01/24/2018,31,4DSD,TOYOT,T,17690,25390,27790,20190131,17,17,17,363029,T106,O,0259P,,NY,F,22,E 35th St,,0,408,l3,,Y,0700A,0700P,WH,,2016,,0,07,31-No Stand (Com. Mtr. Zone),,,
8600868828,HXF9349,NY,PAS,01/24/2018,31,VAN,FORD,T,34490,10410,10510,20180210,14,14,14,363029,T106,O,0132P,,NY,O,7,W 36th St,,0,408,l3,,YYYYY,0600A,0700P,WHITE,,2017,,0,07,31-No Stand (Com. Mtr. Zone),,,
8600229121,HKM7382,NY,OMS,01/24/2018,31,2DSD,SMART,T,35110,15710,13610,20180930,20,20,20,353069,T103,P,0210P,,NY,O,101,W 67th St,,0,408,l3,,Y,0500A,0600P,WH,,2016,,0,45,31-No Stand (Com. Mtr. Zone),,,
8600807050,GZY9497,NY,PAS,01/24/2018,31,PICK,FORD,T,34550,10810,10910,20190722,10,10,10,363058,T106,P,0940A,,NY,F,333,W 39th St,,0,408,l3,,YYYYY,0600A,0700P,BK,,2015,,0,10,31-No Stand (Com. Mtr. Zone),,,
8599971712,HLD6430,NY,PAS,01/24/2018,31,2DSD,SMART,T,26790,22890,21690,20190131,5,5,5,363957,T101,C,1151A,,NY,F,140,Mott St,,0,408,l3,,Y,0700A,0600P,BK,,2013,,0,39,31-No Stand (Com. Mtr. Zone),,,
8591183745,HJV5556,NY,PAS,01/24/2018,31,SUBN,FORD,T,34310,10410,13610,20181005,13,13,13,356521,T102,A,0328P,,NY,O,15,W 27th St,,0,408,l3,,YYYYY,0800A,0700P,BL,,2005,,0,A,31-No Stand (Com. Mtr. Zone),,,
8591183733,HTW7463,NY,PAS,01/24/2018,31,4DSD,HONDA,T,34310,10410,13610,20191022,13,13,13,356521,T102,A,0327P,,NY,F,11,W 27th St,,0,408,l3,,YYYYY,0800A,0700P,GY,,2004,,0,A,31-No Stand (Com. Mtr. Zone),,,
8591183691,HMR5411,NY,PAS,01/24/2018,31,4DSD,TOYOT,T,34230,10410,10510,20190123,13,13,13,356521,T102,A,0225P,,NY,F,40,W 23rd St,,0,408,l3,,Y,0700A,0700P,RD,,2013,,0,A,31-No Stand (Com. Mtr. Zone),,,
8591183680,GCG2238,NY,PAS,01/24/2018,31,SUBN,TOYOT,T,34230,10410,10510,20181008,13,13,13,356521,T102,A,0223P,,NY,O,53,W 23rd St,,0,408,l3,,Y,0700A,0700P,GY,,2001,,0,A,31-No Stand (Com. Mtr. Zone),,,
8591183551,HRN9590,NY,PAS,01/24/2018,31,SUBN,FORD,T,34330,13610,10510,20190315,10,10,10,356521,T102,A,1001A,,NY,F,44,W 28th St,,0,408,l3,,Y,0800A,0700P,RD,,2014,,0,A,31-No Stand (Com. Mtr. Zone),,,
8591183502,HDY9967,NY,PAS,01/24/2018,31,SUBN,BUICK,T,34110,10410,10510,20180331,13,13,13,356521,T102,A,0931A,,NY,O,17,W 17th St,,0,408,l3,,YYYYY,0700A,0600P,GY,,2016,,0,A,31-No Stand (Com. Mtr. Zone),,,
8592432868,HRC5024,NY,PAS,01/24/2018,31,4DSD,TOYOT,T,28490,32910,28870,20190420,1,1,1,363512,T105,G,0334P,,NY,F,160,Pearl St,,0,408,l3,,YYYYY,0800A,0600P,BK,,2017,,0,050,31-No Stand (Com. Mtr. Zone),,,
8587722293,HTS6029,NY,PAS,01/24/2018,31,SUBN,KIA,T,34510,10810,10910,20190915,14,14,14,358127,T106,I,0502P,,NY,F,302,W 37th St,,0,408,l3,,YYYYY,0600A,0700P,WH,,2013,,0,02,31-No Stand (Com. Mtr. Zone),,,
8587722232,JFM4117,PA,PAS,01/24/2018,31,4DSD,ME/BE,T,10110,0,0,88880088,17,17,17,358127,T106,I,0212P,,NY,I,E,2nd Ave,30ft N/of E 40th St,0,408,l3,,YYYYY,0700A,0700P,WHITE,,0,,0,02,31-No Stand (Com. Mtr. Zone),,,
8597773236,HNN1985,NY,PAS,01/24/2018,31,SUBN,HONDA,T,16890,8790,61090,20190123,115,115,115,366544,T401,H,0339P,,Q,O,37-16,82nd St,,0,408,l3,,Y,0900A,0700P,GY,,2016,,0,22-P,31-No Stand (Com. Mtr. Zone),,,
8588435391,GVP4597,NY,PAS,01/24/2018,31,SUBN,FORD,T,21090,0,0,20190119,1,1,1,361901,T105,G,0537P,,NY,I,E,Front St,40ft N/of Wall St,0,408,l3,,YYYYY,0800A,0600P,BL,,2009,,0,074,31-No Stand (Com. Mtr. Zone),,,
8588435251,M963348,NJ,PAS,01/24/2018,31,SUBN,BMW,T,30650,26010,13590,88880088,1,1,1,361901,T105,G,1259P,,NY,F,26,S William St,,0,408,l3,,YYYYY,0700A,0700P,BLACK,,0,,0,074,31-No Stand (Com. Mtr. Zone),,,
8590384329,GZF7320,NY,PAS,01/24/2018,31,4DSD,TOYOT,T,17990,10210,10110,20190621,17,17,17,349481,MTTF,F,0226P,,NY,F,255,E 50th St,,0,408,l3,,Y,0700A,0700P,GY,,2006,,0,15,31-No Stand (Com. Mtr. Zone),,,
8590384317,HUG5930,NY,PAS,01/24/2018,31,PICK,FORD,T,10110,17970,17990,20200118,17,17,17,349481,MTTF,F,0219P,,NY,F,930,2nd Ave,,0,408,l3,,YYYYY,0700A,0300P,BR,,2016,,0,15,31-No Stand (Com. Mtr. Zone),,,
8590384305,GDV9576,NY,PAS,01/24/2018,31,PICK,CHEVR,T,10110,17970,17990,20181127,17,17,17,349481,MTTF,F,0218P,,NY,F,936,2nd Ave,,0,408,l3,,YYYYY,0700A,0300P,WH,,2005,,0,15,31-No Stand (Com. Mtr. Zone),,,
8590384226,GEP8398,NY,PAS,01/24/2018,31,4DSD,ME/BE,T,17970,24890,10210,20180218,17,17,17,349481,MTTF,F,0151P,,NY,F,142,E 49th St,,0,408,l3,,YYYYY,0700A,0600P,WHITE,,2018,,0,15,31-No Stand (Com. Mtr. Zone),,,
8588986607,GKH4628,NY,PAS,01/24/2018,31,SUBN,FORD,T,8790,15540,15640,20191023,115,115,115,365933,T401,Q,1028A,,Q,O,73-06,37th Ave,,0,408,l3,,Y,0900A,0700P,GL,,2002,,0,23-A,31-No Stand (Com. Mtr. Zone),,,
8592322996,GXH4576,NY,PAS,01/24/2018,31,SUBN,FORD,T,34470,13610,10610,20190506,14,14,14,341943,T106,O,1039A,,NY,F,147,W 35th St,,0,408,l3,,YYYYY,0600A,0700P,BL,,2004,,0,99,31-No Stand (Com. Mtr. Zone),,,
8592322947,HUU3435,NY,PAS,01/24/2018,31,4DSD,ACURA,T,34490,10410,10510,20190809,14,14,14,341943,T106,O,0949A,,NY,O,38,W 36th St,,0,408,l3,,YYYYY,0600A,0700P,WH,,2016,,0,99,31-No Stand (Com. Mtr. Zone),,,
8588283712,GDB1044,NY,PAS,01/24/2018,31,SUBN,FORD,T,34310,10510,10610,20181011,13,13,13,331220,T102,A,0413P,,NY,O,166,W 27th St,,0,408,l3,,YYYYY,0800A,0600P,WH,,2017,,0,F,31-No Stand (Com. Mtr. Zone),,,
8588283694,HPW4037,NY,PAS,01/24/2018,31,SUBN,DODGE,T,34310,10510,10610,20190531,13,13,13,331220,T102,A,0342P,,NY,F,129,W 27th St,,0,408,l3,,YYYYY,0800A,0600P,GY,,2014,,0,F,31-No Stand (Com. Mtr. Zone),,,
8588283682,HLW8951,NY,PAS,01/24/2018,31,SUBN,TOYOT,T,34310,10510,10610,20181121,13,13,13,331220,T102,A,0338P,,NY,O,99,W 27th St,,0,408,l3,,YYYYY,0800A,0600P,WH,,2017,,0,F,31-No Stand (Com. Mtr. Zone),,,
8588283670,HJN2071,NY,PAS,01/24/2018,31,SUBN,CHEVR,T,34310,13610,10510,20180803,13,13,13,331220,T102,A,0331P,,NY,F,28,W 27th St,,0,408,l3,,YYYYY,0800A,0600P,WH,,2003,,0,F,31-No Stand (Com. Mtr. Zone),,,
8588283669,H13JDP,NJ,PAS,01/24/2018,31,SUBN,CHEVR,T,34310,13610,10510,88880088,13,13,13,331220,T102,A,0330P,,NY,F,28,W 27th St,,0,408,l3,,YYYYY,0800A,0600P,SILVE,,0,,0,F,31-No Stand (Com. Mtr. Zone),,,
8588283610,HNG5669,NY,PAS,01/24/2018,31,SUBN,ROVER,T,34130,10410,10510,20190228,13,13,13,331220,T102,A,0246P,,NY,F,42,W 18th St,,0,408,l3,,YYYYY,0800A,0700P,BL,,2017,,0,F,31-No Stand (Com. Mtr. Zone),,,
8588283487,HUE5985,NY,PAS,01/24/2018,31,SUBN,JEEP,T,34330,13610,10510,20190726,13,13,13,331220,T102,A,0958A,,NY,F,34,W 28th St,,0,408,l3,,Y,0800A,0700P,BK,,2017,,0,F,31-No Stand (Com. Mtr. Zone),,,
8588283475,HGM3047,NY,PAS,01/24/2018,31,PICK,TOYOT,T,34230,10510,10610,20180515,10,10,10,331220,T102,A,0950A,,NY,O,157,W 23rd St,,0,408,l3,,Y,0700A,0700P,GY,,2016,,0,F,31-No Stand (Com. Mtr. Zone),,,
8588283426,GNS1061,NY,PAS,01/24/2018,31,SUBN,SUBAR,T,34330,10510,10610,20180408,13,13,13,331220,T102,A,0906A,,NY,F,130,W 28th St,,0,408,l3,,YYYYY,0600A,0700P,OR,,2014,,0,F,31-No Stand (Com. Mtr. Zone),,,
8588283347,GFJ8834,NY,PAS,01/24/2018,31,SUBN,SUBAR,T,34230,10410,10510,20190915,13,13,13,331220,T102,A,0817A,,NY,F,30,W 23rd St,,0,408,l3,,Y,0700A,0700P,RD,,2007,,0,F,31-No Stand (Com. Mtr. Zone),,,
8588283244,HKN6330,NY,PAS,01/24/2018,31,SUBN,JEEP,T,34330,10510,10610,20180805,13,13,13,331220,T102,A,0614A,,NY,F,130,W 28th St,,0,408,l3,,YYYYY,0600A,0700P,BLACK,,2014,,0,F,31-No Stand (Com. Mtr. Zone),,,
8587464498,GFV4129,NY,PAS,01/24/2018,31,4DSD,ME/BE,T,10210,17670,17690,20190305,14,14,14,366556,T106,N,0434P,,NY,O,511,3rd Ave,,0,408,l3,,Y,0700A,0700P,BLACK,,2010,,0,01,31-No Stand (Com. Mtr. Zone),,,
8587443069,GRG8440,NY,PAS,01/24/2018,31,SUBN,DODGE,T,10910,34630,34650,20180531,14,14,14,351207,T106,O,0254P,,NY,F,608,9th Ave,,0,408,l3,,Y,0700A,0700P,WH,,2014,,0,33,31-No Stand (Com. Mtr. Zone),,,
8586276947,K29HNF,NJ,PAS,01/24/2018,31,SUBN,JEEP,T,28870,0,0,88880088,1,1,1,366552,T105,E,0536P,,NY,I,S,Pine St,20ft W/of Nassau St,0,408,l3,,YYYYY,0700A,0700P,GREY,,0,,0,046,31-No Stand (Com. Mtr. Zone),,,
8590728523,GMZ6081,NY,PAS,01/24/2018,31,2DSD,AUDI,T,34550,10410,10510,20180317,14,14,14,355145,T106,J,0603P,,NY,F,48,W 39th St,,0,408,l3,,YYYYY,0600A,0700P,GY,,0,,0,25,31-No Stand (Com. Mtr. Zone),,,
8590728365,HNN7737,NY,PAS,01/24/2018,31,SUBN,CHEVR,T,34730,10410,29900,20190226,18,18,18,355145,T106,J,0204P,,NY,F,22,W 48th St,,0,408,l3,,YYYYY,0700A,0600P,BK,,2017,,0,25,31-No Stand (Com. Mtr. Zone),,,
8588793090,HVU3505,NY,PAS,01/24/2018,31,SUBN,JEEP,T,15710,35190,35210,20191130,20,20,20,357701,T103,P,0118P,,NY,F,242,Columbus Ave,,0,408,l3,,YYYYY,1000A,0400P,RD,,2006,,0,53,31-No Stand (Com. Mtr. Zone),,,
8591078603,HLU8926,NY,PAS,01/24/2018,31,SUBN,HONDA,T,34490,13610,10610,20180602,18,18,18,353486,T106,A,0957A,,NY,F,152,W 36th St,,0,408,l3,,YYYYY,0600A,0700P,GR,,2007,,0,99,31-No Stand (Com. Mtr. Zone),,,
8591078597,GVC4106,NY,PAS,01/24/2018,31,4DSD,HONDA,T,34490,13610,10610,20190112,18,18,18,353486,T106,A,0956A,,NY,F,152,W 36th St,,0,408,l3,,YYYYY,0600A,0700P,GY,,2016,,0,99,31-No Stand (Com. Mtr. Zone),,,
8588793106,HVV6107,NY,PAS,01/24/2018,31,SUBN,LEXUS,T,15710,35190,35210,20191220,20,20,20,357701,T103,P,0119P,,NY,F,242,Columbus Ave,,0,408,l3,,YYYYY,1000A,0400P,WH,,2017,,0,53,31-No Stand (Com. Mtr. Zone),,,
8578998900,HNJ1642,NY,PAS,01/24/2018,31,4DSD,BMW,T,13610,0,0,20181221,9,9,9,365796,T105,E,0413P,,NY,I,E,Broadway,10ft N/of Bleecker S,0,408,l3,,YYYYY,0700A,0600P,GR,,2009,,0,071,31-No Stand (Com. Mtr. Zone),,,
8592721283,HSC5515,NY,PAS,01/24/2018,31,4DSD,HONDA,T,34550,10810,10910,20190505,14,14,14,363509,T106,J,0148P,,NY,O,323,W 39th St,,0,408,l3,,YYYYY,0600A,0700P,BK,,2004,,0,38,31-No Stand (Com. Mtr. Zone),,,
8577573904,HUC9993,NY,PAS,01/24/2018,31,SUBN,CHEVR,T,34730,29900,10510,20190803,18,18,18,363054,MTTF,H,0450P,,NY,F,32,W 48th St,,0,408,l3,,YYYYY,0700A,0600P,GY,,2017,,0,02,31-No Stand (Com. Mtr. Zone),,,
8577573849,GGR7516,NY,PAS,01/24/2018,31,2DSD,NISSA,T,13610,34850,34870,20190709,18,18,18,363054,MTTF,H,0222P,,NY,F,1717,Broadway,,0,408,l3,,YYYYYYY,,,BK,,2010,,0,02,31-No Stand (Com. Mtr. Zone),,,
8576833943,HPC1131,NY,PAS,01/24/2018,31,SUBN,TOYOT,T,11710,35490,35510,20190614,24,24,24,365826,T103,FF,0248P,,NY,O,541,Amsterdam Ave,,0,408,l3,,Y,0700A,0700P,BK,,2011,,0,54,31-No Stand (Com. Mtr. Zone),,,
8576532207,HNF6086,NY,PAS,01/24/2018,31,4DSD,MASE,T,18190,27790,24890,20190123,19,19,19,367345,T103,GG,0532P,,NY,F,108,E 60th St,,0,408,l3,,Y,0700A,0700P,BK,,2017,,0,61,31-No Stand (Com. Mtr. Zone),,,
8574278312,HTV9811,NY,PAS,01/24/2018,31,SUBN,VOLVO,T,10210,17730,17750,20191023,17,17,17,365793,T106,P,0313P,,NY,F,560,3rd Ave,,0,408,l3,,Y,0700A,0700P,GY,,2018,,0,03,31-No Stand (Com. Mtr. Zone),,,
8574237012,HMR4300,NY,PAS,01/24/2018,31,SUBN,SUBAR,T,34230,10510,10610,20181130,13,13,13,365819,T102,I,0341P,,NY,F,161,W 23rd St,,0,408,l3,,Y,0800A,0600P,RD,,2006,,0,F,31-No Stand (Com. Mtr. Zone),,,
8568357556,HCX6521,NY,PAS,01/24/2018,31,SUBN,AUDI,T,34370,10410,13610,20171217,10,10,10,343944,T108,P,0310P,,NY,F,37,W 30th St,,0,408,l3,,YYYYY,0800A,0600P,BK,,2014,,0,01,31-No Stand (Com. Mtr. Zone),,,
8568357544,HWA4564,NY,PAS,01/24/2018,31,4DSD,NISSA,T,34370,10410,13610,20191205,10,10,10,343944,T108,P,0306P,,NY,O,37,W 30th St,,0,408,l3,,YYYYY,0800A,0600P,WH,,2008,,0,01,31-No Stand (Com. Mtr. Zone),,,
8567455492,JWR5675,PA,PAS,01/24/2018,31,4DSD,VOLKS,T,34090,10810,10910,20180088,10,10,10,338588,T108,C,1005A,,NY,O,319,W 16th St,,0,408,l3,,YYYYY,0800A,0600P,BLACK,,0,,0,01A,31-No Stand (Com. Mtr. Zone),,,
8570408729,M970361,NJ,PAS,01/24/2018,31,4DSD,NISSA,T,34290,10610,10810,88880088,10,10,10,351215,T108,D,1053A,,NY,F,247,W 26th St,,0,408,l3,,YYYYY,0800A,0600P,BLACK,,0,,0,01,31-No Stand (Com. Mtr. Zone),,,
8569752696,GLJ9036,NY,PAS,01/24/2018,31,SUBN,JEEP,T,18090,10210,10110,20180130,18,18,18,346380,T108,G,0354P,,NY,F,240,E 55th St,,0,408,l3,,Y,0700A,0700P,BK,,2014,,0,01,31-No Stand (Com. Mtr. Zone),,,
8571059998,KBB0205,PA,PAS,01/24/2018,31,4DSD,INFIN,T,34670,10410,10510,88880088,14,14,14,351256,T108,I,0354P,,NY,O,35,W 45th St,,0,408,l3,,YYYYY,0700A,0600P,BLACK,,0,,0,01,31-No Stand (Com. Mtr. Zone),,,
8571059974,M32NSD,QB,PAS,01/24/2018,31,4DSD,VOLKS,T,34670,10810,10910,88880088,14,14,14,351256,T108,I,0242P,,NY,F,317,W 45th St,,0,408,l3,,Y,0700A,0600P,BLUE,,0,,0,01,31-No Stand (Com. Mtr. Zone),,,
8570703582,GPV2268,NY,PAS,01/24/2018,31,2DSD,ME/BE,T,27790,17750,17770,20180413,17,17,17,345140,T108,D,0914A,,NY,F,70,Park Ave,,0,408,l3,,YYYYY,0800A,0600P,BK,,2002,,0,02A,31-No Stand (Com. Mtr. Zone),,,
8570604919,L16GJP,NJ,PAS,01/24/2018,31,SUBN,HONDA,T,34710,13610,10810,88880088,18,18,18,330898,T108,H,0931P,,NY,O,261,W 47th St,,0,408,l3,,Y,0800A,1000P,BLUE,,0,,0,01,31-No Stand (Com. Mtr. Zone),,,
8570604890,GBU5914,NY,PAS,01/24/2018,31,4DSD,INFIN,T,34730,29900,10510,20180828,18,18,18,330898,T108,H,0333P,,NY,F,32,W 48th St,,0,408,l3,,YYYYY,0700A,0600P,BK,,2015,,0,01,31-No Stand (Com. Mtr. Zone),,,
8560132533,GXN2606,NY,PAS,01/24/2018,31,4DSD,BMW,T,16890,8790,61090,20190410,115,115,115,357761,T401,G,1249P,,Q,O,37-12,82nd St,,0,408,l3,,Y,0900A,0700P,GY,,2010,,0,23,31-No Stand (Com. Mtr. Zone),,,
8560132510,GXS5191,NY,PAS,01/24/2018,31,SUBN,TOYOT,T,16890,8790,61090,20190429,115,115,115,357761,T401,G,1220P,,Q,O,37-12,82nd St,,0,408,l3,,Y,0900A,0700P,RD,,2015,,0,23,31-No Stand (Com. Mtr. Zone),,,
Summons Number,Plate ID,Registration State,Plate Type,Issue Date,Violation Code,Vehicle Body Type,Vehicle Make,Issuing Agency,Street Code1,Street Code2,Street Code3,Vehicle Expiration Date,Violation Location,Violation Precinct,Issuer Precinct,Issuer Code,Issuer Command,Issuer Squad,Violation Time,Time First Observed,Violation County,Violation In Front Of Or Opposite,House Number,Street Name,Intersecting Street,Date First Observed,Law Section,Sub Division,Violation Legal Code,Days Parking In Effect    ,From Hours In Effect,To Hours In Effect,Vehicle Color,Unregistered Vehicle?,Vehicle Year,Meter Number,Feet From Curb,Violation Post Code,Violation Description,No Standing or Stopping Violation,Hydrant Violation,Double Parking Violation
1437253349,T663583C,NY,OMT,01/24/2018,31,SDN,,P,34870,10410,10510,0,17,17,401,957845,0401,0000,0507P,,NY,F,48,W 55 ST,,0,408,I3,,YYYYYBB,0700A,0600P,BK,0,0,-,0,,,,,
1437253325,AJ03227,CT,PAS,01/24/2018,31,SDN,TOYOT,P,34870,10410,10510,0,17,17,401,957845,0401,0000,0500P,,NY,F,55,W 55 ST,,0,408,I3,,YYYYYBB,1000A,0600P,WH,0,0,-,0,,,,,
1437253301,A31DSB,NJ,PAS,01/24/2018,31,VAN,DODGE,P,18050,10410,25390,0,17,17,401,957845,0401,0000,0422P,,NY,F,10,E 53 ST,,0,408,I3,,YYYYYYB,1000A,0600P,BK,0,0,-,0,,,,,
1437244117,AL45782,CT,PAS,01/24/2018,31,SDN,AUDI,P,34810,10410,10510,0,18,18,401,952583,0401,0000,0735A,,NY,F,19,W 52ND STREET,,0,408,C,,BBBBBBB,ALL,ALL,BLUE,0,0,-,0,,,,,
1437250040,T705119C,NY,OMT,01/24/2018,31,SUBN,FORD,P,10210,17810,17830,20180630,,0,401,951606,0401,0000,0930A,,NY,F,648,3RD AVENUE,,0,408,C4,,YYYYYYB,0700A,0400P,BLACK,0,2016,-,0,,,,,
1437237344,VEY1610,VA,PAS,01/24/2018,31,SDN,NISSA,P,17770,27790,24890,0,14,14,401,957564,0401,0000,0547P,,NY,F,113,E 39 ST,,0,408,I3,,YYYYYBB,01A,0600P,BLK,0,0,-,0,,,,,
1437237289,AD76168,CT,PAS,01/24/2018,31,SUBN,KIA,P,10210,17670,17690,0,17,17,401,957564,0401,0000,0420P,,NY,O,511,3RD AVE,,0,408,I3,,YYYYYYB,0700A,0700P,BLACK,0,0,-,0,,,,,
1437237277,S23DNR,NJ,PAS,01/24/2018,31,SDN,FORD,P,10210,17710,17730,20180930,17,17,401,957564,0401,0000,0346P,,NY,F,550,3RD AVE,,0,408,C,,YYYYYYB,0600A,0700P,RED,0,0,-,0,,,,,
1437244506,BXY1579,NY,PAS,01/24/2018,31,SUBN,HONDA,P,18190,24890,10210,20180611,,0,401,954673,0401,0000,0314A,,NY,F,160,EAST 60TH STREET,,0,408,I3,,YYYYYBB,0700A,0600P,GREEN,0,2012,-,0,,,,,
1437244282,VXA4500,VA,PAS,01/24/2018,31,SDN,FORD,P,18090,27790,24890,20180430,,0,401,961390,0401,0000,0518P,,NY,F,117,E 55TH STREET,,0,408,C,,YYYYYBB,0700A,0600P,BLU,0,0,-,0,,,,,
1437240732,OXZ9240,NJ,PAS,01/24/2018,31,,FORD,P,34550,10610,10810,0,14,14,406,946951,0406,0000,0445P,,NY,O,234,W 39TH ST,,0,408,I3,,BBBBBBB,ALL,ALL,WH,0,0,-,0,,,,,
1437240720,OXZ9240,NJ,PAS,01/24/2018,31,,FORD,P,34550,10610,10810,0,14,14,406,946951,0406,0000,0445P,,NY,O,234,W 39TH ST,,0,408,C,,BBBBBBB,ALL,ALL,WH,0,0,-,0,,,,,
1437240392,T666482C,NY,OMT,01/24/2018,31,TAXI,TOYOT,P,17710,97740,10110,20180228,,0,401,946673,0401,0000,0913A,,NY,F,238,E 36 ST,,0,408,C3,,BYYYYYB,0700A,0300P,BK,0,2014,-,0,,,,,
1437239973,R76CFC,NJ,PAS,01/24/2018,31,SDN,TOYOT,P,18090,27790,24890,0,17,17,401,957442,0401,0000,0848A,,NY,,133,E 55 ST,,0,408,K2,,YYYYYBB,0700A,0600P,RED,0,0,-,0,,,,,
1436754975,1CM4425,AL,PAS,01/24/2018,31,VAN,GMC,P,13610,13810,30790,20180831,1,1,1,952856,0001,0000,0225P,,NY,O,502,BROADWAY,,0,408,C,,YYYYYBB,0700A,0600P,,0,0,-,0,,,,,
1435692421,DXL6929,NY,PAS,01/24/2018,31,SUBN,CHEVR,P,18030,10210,10110,20190225,,0,401,946550,0401,0000,0334P,,NY,F,234,E 52ND ST,,0,408,I3,,YYYYYBB,0800A,0700P,BK,0,2015,-,0,,,,,
1435692410,492X0S,CT,PAS,01/24/2018,31,SDN,SUBAR,P,18030,10210,10110,0,,0,401,946550,0401,0000,0332P,,NY,F,240,E 52ND ST,,0,408,C,,YYYYYBB,0800A,0700P,GY,0,0,-,0,,,,,
1435692408,FLW7424,NY,PAS,01/24/2018,31,SUBN,ME/BE,P,18030,10210,10110,20190403,,0,401,946550,0401,0000,0330P,,NY,O,250,E 52 ST,,0,408,C3,,YYYYYBB,0800A,0700P,BL,0,2017,-,0,,,,,
1437249838,HPD3687,NY,PAS,01/24/2018,31,SUBN,ME/BE,P,17890,25390,32670,20180930,,0,401,960687,0401,0000,0515P,,NY,O,45,E 45 ST,,0,408,C,,YYYYYBB,0700A,0600P,BK,0,2017,-,0,,,,,
1437247672,KJS6790,PA,PAS,01/24/2018,31,,TOYOT,P,34470,10410,10510,0,401,401,401,960800,0401,0000,0113P,,NY,F,30,WEST 35TH STREET,,0,408,C,,BBBBBBB,ALL,ALL,,0,0,-,0,,,,,
1437245080,GXL2061,PA,PAS,01/24/2018,31,SDN,ME/BE,P,34710,10810,10910,0,18,18,401,957132,0401,0000,0305P,,,O,313,W 47TH STREET,,0,408,C,,BBBBBBB,ALL,ALL,TAN,0,0,-,0,,,,,
1437244452,HLG756,NC,PAS,01/24/2018,31,VAN,CHRYS,P,18090,24890,10210,0,,0,401,954673,0401,0000,0522P,,NY,F,137,EAST 55 STREET,,0,408,I3,,YYYYYBB,0700A,0600P,BLUE,0,0,-,0,,,,,
1437240021,HAU4081,NY,PAS,01/24/2018,31,SUBN,ME/BE,P,34830,10810,10910,20180101,17,17,401,937813,0401,0000,0812A,,NY,F,312,W 53RD STREET,,0,408,I3,,BBBBBBB,0700A,0700P,BK,0,2015,-,0,,,,,
1437240010,KHK2757,PA,PAS,01/24/2018,31,SDN,BMW,P,34350,10610,10810,0,17,17,401,937823,0401,0000,0724A,,NY,O,231,W 29TH STREET,,0,408,K2,,BBBBBBB,0700A,0700P,BK,0,0,-,0,,,,,
1437239985,HPE1944,NY,PAS,01/24/2018,31,P-U,NISSA,P,18150,10210,10110,20180511,17,17,401,957943,0401,0000,0941A,,NY,F,222,E 58 ST,,0,408,I3,,YYYYYBB,0600A,0300P,SIL,0,2016,-,0,,,,,
1437255796,GTT8689,NY,PAS,01/24/2018,31,SUBN,TOYOT,P,10210,17710,17730,20181204,14,14,401,953597,0401,0000,1045A,,NY,F,552,3RD AVE,,0,408,C,,YYYYYYB,0700A,0700P,BL,0,2006,-,0,,,,,
1437253659,HHC2510,NY,PAS,01/24/2018,31,SUBN,MITSU,P,17710,10410,25390,20180609,,0,401,955318,0401,0000,0347P,,NY,O,23,E 36 STREET,,0,408,C,,BBBBBBB,ALL,ALL,BK,0,2005,-,0,,,,,
1437253337,GZK1348,NY,PAS,01/24/2018,31,SDN,ME/BE,P,34870,10410,10510,20190614,17,17,401,957845,0401,0000,0503P,,NY,F,55,W 55 ST,,0,408,I3,,YYYYYBB,0700A,0600P,BL,0,2015,-,0,,,,,
1437253295,HKT3985,NY,PAS,01/24/2018,31,SDN,MINI,P,18050,10410,25390,20181108,17,17,401,957845,0401,0000,0347P,,NY,O,1,E 53 ST,,0,408,C,,YYYYYBB,0700A,0600P,BL,0,2015,-,0,,,,,
1435692433,HXN1047,NY,PAS,01/24/2018,31,SUBN,JEEP,P,0,40404,40404,20180225,,0,401,946550,0401,0000,0338P,,NY,F,216,E 52ND ST,,0,408,F1,,BBBBBBB,ALL,ALL,GY,0,2018,-,0,,,,,
1435690620,GPY8829,NY,PAS,01/24/2018,31,SUBN,DODGE,P,17770,27790,24890,20180531,17,17,401,957564,0401,0000,0429P,,NY,F,126,E 39 ST,,0,408,C,,YYYYYBB,0700A,0600P,BLK,0,2015,-,0,,,,,
1435611159,J42HSR,NJ,PAS,01/24/2018,31,SUBN,DODGE,P,14310,22690,25490,0,5,5,0,362558,SICA,0000,0340P,,NY,F,27,CATHERINE ST,,0,408,C,,YYYYYYB,0700A,0700P,SILVR,0,0,-,0,,,,,
1435610027,J86DZH,NJ,PAS,01/24/2018,31,SUBN,BMW,P,27100,24050,21230,0,1,1,0,362558,SICA,0000,1237P,,NY,O,90,NASSAU ST,,0,408,K2,,YYYYYYB,0700A,0700P,GY,0,0,-,0,,,,,
1416418349,GWF3050,NY,PAS,01/24/2018,31,SUBN,GMC,P,17990,10210,10110,20190216,,0,401,945615,0401,0000,0325P,,NY,F,249,E 50TH ST,,0,408,E2,,YYYYYYB,0700A,0700P,BLK,0,2015,-,0,,,,,
8638705610,043164R,NJ,PAS,01/24/2018,31,SUBN,ACURA,T,13610,29290,19890,88880088,1,1,1,363137,T105,G,0315P,,NY,F,575,Broadway,,0,408,l3,,YYYYY,0700A,0600P,GREY,,0,,0,054,31-No Stand (Com. Mtr. Zone),,,
8636057942,35305MH,NY,COM,01/24/2018,31,VAN,NISSA,T,34430,10510,10610,20190831,14,14,14,363141,T106,M,0720A,,NY,F,155,W 33rd St,,0,408,l3,,YYYYY,0700A,0700P,WH,,2015,,0,40,31-No Stand (Com. Mtr. Zone),,,
8636057899,48396ME,NY,COM,01/24/2018,31,VAN,FORD,T,34470,10610,10810,20180228,14,14,14,363141,T106,M,0641A,,NY,F,212,W 35th St,,0,408,l3,,YYYYY,0600A,0700P,WH,,2013,,0,40,31-No Stand (Com. Mtr. Zone),,,
8637153185,FGX7234,NY,PAS,01/24/2018,31,4DSD,LEXUS,T,10110,18490,18510,20190301,19,19,19,356214,T103,CC,0716A,,NY,F,1450,2nd Ave,,0,408,l3,,Y,0700A,0700P,GY,,2011,,0,CC1,31-No Stand (Com. Mtr. Zone),,,
8635802100,HHY6171,NY,PAS,01/24/2018,31,VAN,SPRI,T,18110,24890,10210,20180814,18,18,18,346346,MTTF,F,0243P,,NY,F,141,E 56th St,,0,408,l3,,YYYYY,0700A,0600P,WH,,2003,,0,10,31-No Stand (Com. Mtr. Zone),,,
8635801910,GER8472,NY,PAS,01/24/2018,31,4DSD,DODGE,T,34750,10410,29900,20190222,18,18,18,346346,MTTF,F,0934A,,NY,F,4,W 49th St,,0,408,l3,,YYYYY,0700A,0600P,BK,,2013,,0,10,31-No Stand (Com. Mtr. Zone),,,
8635801854,HFC9715,NY,PAS,01/24/2018,31,PICK,FORD,T,17850,0,0,20180125,14,14,14,346346,MTTF,F,0849A,,NY,I,S,E 43rd St,15ft W/of Madison Av,0,408,l3,,YYYYY,0700A,0600P,BK,,2016,,0,10,31-No Stand (Com. Mtr. Zone),,,
8634357820,HMX8917,NY,PAS,01/24/2018,31,SUBN,SUBAR,T,34470,13610,10610,20190418,14,14,14,350408,T106,M,0233P,,NY,F,131,W 35th St,,0,408,l3,,YYYYY,0600A,0700P,GR,,2007,,0,33,31-No Stand (Com. Mtr. Zone),,,
8634357776,HSF7324,NY,PAS,01/24/2018,31,SUBN,DODGE,T,34470,10610,10810,20190809,14,14,14,350408,T106,M,0221P,,NY,F,240,W 35th St,,0,408,l3,,YYYYY,0600A,0700P,GY,,2005,,0,33,31-No Stand (Com. Mtr. Zone),,,
8634912425,GVV2167,NY,PAS,01/24/2018,31,SUBN,GMC,T,30620,11510,24990,20190108,1,1,1,361083,T105,N,0551P,,NY,F,340,South End Ave,,0,408,l3,,YYYYY,0800A,0600P,BK,,2015,,0,R,31-No Stand (Com. Mtr. Zone),,,
8634912413,HMM9220,NY,PAS,01/24/2018,31,SUBN,AUDI,T,30620,11510,24990,20190122,1,1,1,361083,T105,N,0550P,,NY,O,375,South End Ave,,0,408,l3,,YYYYY,1000A,0600P,WH,,2017,,0,R,31-No Stand (Com. Mtr. Zone),,,
8636058284,GTF3485,NY,PAS,01/24/2018,31,SUBN,DODGE,T,13610,34510,34530,20180831,14,14,14,363141,T106,M,0314P,,NY,F,1385,Broadway,,0,408,l3,,YYYYY,0700A,0600P,GY,,2016,,0,40,31-No Stand (Com. Mtr. Zone),,,
8636058089,GXN5014,NY,PAS,01/24/2018,31,SUBN,CHEVR,T,34550,10610,10810,20170519,14,14,14,363141,T106,M,0102P,,NY,F,250,W 39th St,,0,408,l3,,YYYYY,0600A,0700P,GY,,2015,,0,40,31-No Stand (Com. Mtr. Zone),,,
8636058053,HER5852,NY,PAS,01/24/2018,31,SUBN,FORD,T,32600,13610,10610,20180228,18,18,18,363141,T106,M,0913A,,NY,F,7,Times Sq,,0,408,l3,,YYYYY,0700A,0600P,WH,,2006,,0,40,31-No Stand (Com. Mtr. Zone),,,
8637153197,HLD9393,NY,PAS,01/24/2018,31,SUBN,CADIL,T,10110,18490,18510,20180831,19,19,19,356214,T103,CC,0717A,,NY,F,1450,2nd Ave,,0,408,l3,,Y,0700A,0700P,BK,,2016,,0,CC1,31-No Stand (Com. Mtr. Zone),,,
8639150576,HHG8975,NY,PAS,01/24/2018,31,SUBN,HONDA,T,16890,8790,61090,20180706,115,115,115,367355,T401,T,0331P,,Q,O,37-12,82nd St,,0,408,l3,,Y,0900A,0700P,GY,,2010,,0,12,31-No Stand (Com. Mtr. Zone),,,
8638705657,HVZ3809,NY,PAS,01/24/2018,31,SUBN,BMW,T,25630,28490,33490,20191003,1,1,1,363137,T105,G,0502P,,NY,F,125,Maiden Ln,,0,408,l3,,YYYYY,0100P,0600P,WH,,2014,,0,054,31-No Stand (Com. Mtr. Zone),,,
8638705591,HNJ1656,NY,PAS,01/24/2018,31,SUBN,FORD,T,21705,13610,21700,20180216,9,9,9,363137,T105,G,0245P,,NY,O,1,Great Jones St,,0,408,l3,,YYYYY,0800A,0600P,GY,,2014,,0,054,31-No Stand (Com. Mtr. Zone),,,
8635455400,GEW2029,NY,PAS,01/24/2018,31,PICK,DODGE,T,23130,13610,25990,20190314,1,1,1,365918,T105,N,0547P,,NY,O,46,Howard St,,0,408,l3,,YYYYY,0800A,0600P,GY,,2013,,0,X,31-No Stand (Com. Mtr. Zone),,,
8634158378,GRA5650,NY,PAS,01/24/2018,31,VAN,CHEVR,T,34170,10410,10510,20180729,13,13,13,357783,T102,I,0430P,,NY,O,2,W 20th St,,0,408,l3,,YYYYY,0800A,0600P,WH,,2008,,0,A,31-No Stand (Com. Mtr. Zone),,,
8634158366,HRN4891,NY,PAS,01/24/2018,31,SUBN,JEEP,T,34170,10410,10510,20190626,13,13,13,357783,T102,I,0428P,,NY,O,20,W 20th St,,0,408,l3,,YYYYY,0800A,0600P,BK,,2011,,0,A,31-No Stand (Com. Mtr. Zone),,,
8634158354,HLW3095,NY,PAS,01/24/2018,31,SUBN,VOLKS,T,34170,10410,10510,20181117,13,13,13,357783,T102,I,0425P,,NY,F,40,W 20th St,,0,408,l3,,YYYYY,0800A,0600P,BK,,2017,,0,A,31-No Stand (Com. Mtr. Zone),,,
8633960679,HPX9346,NY,PAS,01/24/2018,31,CONV,PORSC,T,27100,13015,29295,20190601,1,1,1,357338,T105,N,0600P,,NY,F,145,Nassau St,,0,408,l3,,Y,0700A,0700P,BK,,2008,,0,U,31-No Stand (Com. Mtr. Zone),,,
8632802161,GGP9911,NY,PAS,01/24/2018,31,SUBN,MITSU,T,34290,13610,10510,20181002,13,13,13,352036,T108,K,0616P,,NY,F,55,W 26th St,,0,408,l3,,YYYYY,0800A,0700P,BL,,2011,,0,01B,31-No Stand (Com. Mtr. Zone),,,
8629357629,HCZ8969,NY,PAS,01/24/2018,31,2DSD,FORD,T,15640,35780,8890,20180704,115,115,115,363538,T401,P,0319P,,Q,F,37-27,74th St,,0,408,l3,,Y,0800A,0700P,GY,,2003,,0,11-A,31-No Stand (Com. Mtr. Zone),,,
8629711978,J86CJA,NJ,PAS,01/24/2018,31,SUBN,FORD,T,8790,15790,15990,88880088,115,115,115,357759,T401,U,0226P,,Q,O,75-16,37th Ave,,0,408,l3,,Y,0900A,0700P,GREY,,0,,0,41,31-No Stand (Com. Mtr. Zone),,,
8628817906,HCN2026,NY,PAS,01/24/2018,31,SUBN,LEXUS,T,13610,23130,21690,20191208,5,5,5,349538,T105,H,0514P,,NY,F,444,Broadway,,0,408,l3,,YYYYY,0700A,0600P,WH,,2016,,0,001,31-No Stand (Com. Mtr. Zone),,,
8628817890,KGV8365,PA,PAS,01/24/2018,31,4DSD,KIA,T,13610,23130,21690,88880088,5,5,5,349538,T105,H,0511P,,NY,F,434,Broadway,,0,408,l3,,YYYYY,0700A,0600P,WHITE,,0,,0,001,31-No Stand (Com. Mtr. Zone),,,
8628754507,HJR3215,NY,PAS,01/24/2018,31,SUBN,FORD,T,26990,13810,24190,20180724,5,5,5,366569,T105,G,0221P,,NY,F,184,Mulberry St,,0,408,l3,,Y,0700A,0600P,GR,,0,,0,055,31-No Stand (Com. Mtr. Zone),,,
8628754453,JKE1838,PA,PAS,01/24/2018,31,SEDN,TOYOT,T,13610,29290,19890,88880088,5,5,5,366569,T105,G,0131P,,NY,F,581,Broadway,,0,408,l3,,YYYYY,0700A,0600P,SILVE,,0,,0,055,31-No Stand (Com. Mtr. Zone),,,
8616466101,HAL7908,NY,PAS,01/24/2018,31,SUBN,GMC,T,13610,19890,13310,20190930,9,9,9,363951,T101,G,1133A,,NY,F,636,Broadway,,0,408,l3,,YYYYY,0700A,0600P,WH,,2014,,0,32,31-No Stand (Com. Mtr. Zone),,,
8616466095,KNT2506,PA,PAS,01/24/2018,31,4DSD,DODGE,T,21705,0,0,88880088,9,9,9,363951,T101,G,1122A,,NY,I,N,Great Jones St,50ft E/of Broadway,0,408,l3,,YYYYY,0800A,0600P,BLACK,,0,,0,32,31-No Stand (Com. Mtr. Zone),,,
8621921870,GKE1488,NY,PAS,01/24/2018,31,PICK,FORD,T,18050,10210,10110,20171104,17,17,17,358570,MTTF,C,0927A,,NY,F,226,E 53rd St,,0,408,l3,,Y,0700A,0700P,BK,,2016,,0,23,31-No Stand (Com. Mtr. Zone),,,
8618900310,GWC3440,NY,PAS,01/24/2018,31,SUBN,FORD,T,34530,0,0,20190209,14,14,14,363115,T106,N,0534P,,NY,I,S,W 38th St,20ft E/of Broadway,0,408,l3,,YYYYY,0600A,0700P,BK,,2015,,0,06,31-No Stand (Com. Mtr. Zone),,,
8618900230,GVU9329,NY,PAS,01/24/2018,31,SUBN,CADIL,T,17690,10410,25390,20190218,17,17,17,363115,T106,N,0258P,,NY,F,16,E 35th St,,0,408,l3,,YYYYY,0700A,0700P,GL,,2015,,0,06,31-No Stand (Com. Mtr. Zone),,,
8618900187,HSK3945,NY,PAS,01/24/2018,31,SUBN,GMC,T,34550,10410,10510,88880088,14,14,14,363115,T106,N,0236P,,NY,F,15-19,W 39th St,,0,408,l3,,YYYYY,0600A,0700P,BLACK,,0,,0,06,31-No Stand (Com. Mtr. Zone),,,
8616386531,HSZ2426,NY,PAS,01/24/2018,31,4DSD,NISSA,T,13610,13810,30790,20190713,1,1,1,362626,T101,D,0350P,,NY,F,505,Broadway,,0,408,l3,,YYYYY,0700A,0600P,GY,,2005,,0,70,31-No Stand (Com. Mtr. Zone),,,
8616386488,L46JLC,NJ,PAS,01/24/2018,31,SUBN,BMW,T,13810,13610,25990,88880088,1,1,1,362626,T101,D,0332P,,NY,F,444,Broome St,,0,408,l3,,YYYYY,0800A,0600P,WHITE,,0,,0,70,31-No Stand (Com. Mtr. Zone),,,
8627131016,GUY2586,NY,PAS,01/24/2018,31,SUBN,JEEP,T,10110,18770,18790,20180205,19,19,19,365362,T103,GG,0122P,,NY,F,1735,2nd Ave,,0,408,l3,,YYYYY,1000A,0200P,WHITE,,2018,,0,58,31-No Stand (Com. Mtr. Zone),,,
8619458190,HTU4772,NY,OMS,01/24/2018,31,SUBN,FORD,T,34550,10610,10810,20180930,14,14,14,333733,T106,P,0558P,,NY,F,214,W 39th St,,0,408,l3,,YYYYY,0600A,0700P,GY,,2018,,0,21,31-No Stand (Com. Mtr. Zone),,,
8616606130,HGM3047,NY,PAS,01/24/2018,31,PICK,TOYOT,T,34130,10510,10610,20180515,13,13,13,361135,T102,H,1134A,,NY,F,160,W 18th St,,0,408,l3,,YYYYY,0800A,0700P,GY,,2016,,0,27,31-No Stand (Com. Mtr. Zone),,,
8628012655,HCD2483,NY,PAS,01/24/2018,31,SUBN,NISSA,T,24050,15500,28490,20180228,1,1,1,363467,T105,J,0306P,,NY,F,116,John St,,0,408,l3,,YYYYY,0700A,0700P,GY,,2016,,0,003,31-No Stand (Com. Mtr. Zone),,,
8621658884,HHU1393,NY,PAS,01/24/2018,31,SUBN,DODGE,T,10210,17750,17770,20181231,17,17,17,347687,MTTF,C,0915A,,NY,F,578,3rd Ave,,0,408,l3,,Y,0700A,0700P,BK,,2017,,0,14,31-No Stand (Com. Mtr. Zone),,,
8621658732,HSM4895,NY,PAS,01/24/2018,31,4DSD,FORD,T,17810,27790,24890,20190806,17,17,17,347687,MTTF,C,0707A,,NY,F,125,E 41st St,,0,408,l3,,Y,0700A,0700P,GL,,2007,,0,14,31-No Stand (Com. Mtr. Zone),,,
8621414946,HHIT48,FL,PAS,01/24/2018,31,4DSD,CHRYS,T,32670,17890,17910,20180388,18,18,18,353068,MTTF,G,0232P,,NY,F,70,Vanderbilt Ave,,0,408,l3,,Y,0700A,0700P,WHITE,,0,,0,03,31-No Stand (Com. Mtr. Zone),,,
8618362712,HAL4136,NY,PAS,01/24/2018,31,4DSD,HYUND,T,34670,10410,10510,20191203,14,14,14,363515,T106,J,0211P,,NY,F,56,W 45th St,,0,408,l3,,YYYYY,0700A,0600P,BL,,2005,,0,23,31-No Stand (Com. Mtr. Zone),,,
8626961558,GGU9924,NY,PAS,01/24/2018,31,SUBN,SUBAR,T,10010,18490,18510,20190725,19,19,19,365335,T103,Y,1146A,,NY,F,1456,1st Ave,,0,408,l3,,YYYYY,1000A,0200P,GR,,2017,,0,CC1,31-No Stand (Com. Mtr. Zone),,,
8634211101,GWU2695,NY,PAS,01/24/2018,31,2DSD,HONDA,T,15640,35780,8890,20190306,115,115,115,358124,T401,H,0240P,,Q,F,37-27,74th St,,0,408,l3,,Y,0800A,0700P,RD,,2017,,0,10,31-No Stand (Com. Mtr. Zone),,,
8619560761,HSB1001,NY,PAS,01/24/2018,31,4DSD,HYUND,T,34630,10410,10510,20190801,14,14,14,351311,T106,P,0153P,,NY,F,4,W 43rd St,,0,408,l3,,Y,0700A,0600P,BL,,2008,,0,29,31-No Stand (Com. Mtr. Zone),,,
8616807172,M42HVY,NJ,PAS,01/24/2018,31,PICK,GMC,T,10510,34650,34670,88880088,14,14,14,352995,T106,E,0935A,,NY,F,1155,6th Ave,,0,408,l3,,YYYYY,0700A,0700P,WHITE,,0,,0,24,31-No Stand (Com. Mtr. Zone),,,
8616807070,HWW2910,NY,OMS,01/24/2018,31,SUBN,CHEVR,T,34510,10810,10910,20180930,14,14,14,352995,T106,E,0736A,,NY,F,302,W 37th St,,0,408,l3,,YYYYY,0600A,0700P,BK,,2018,,0,24,31-No Stand (Com. Mtr. Zone),,,
8616807068,HPM8689,NY,PAS,01/24/2018,31,4DSD,BMW,T,34490,10610,10810,20190413,14,14,14,352995,T106,E,0658A,,NY,F,269,W 36th St,,0,408,l3,,YYYYY,0600A,0700P,BK,,2012,,0,24,31-No Stand (Com. Mtr. Zone),,,
8615521852,HRK3843,NY,OMS,01/24/2018,31,SUBN,JEEP,T,13610,17210,17230,20180930,6,6,6,363924,T101,M,0845A,,NY,F,818,Broadway,,0,408,l3,,YYYYY,0700A,0600P,GY,,2017,,0,C,31-No Stand (Com. Mtr. Zone),,,
8624926166,GUY5801,NY,PAS,01/24/2018,31,PICK,DODGE,T,10010,18410,18430,20181030,19,19,19,361305,T103,S,0229P,,NY,O,1330,1st Ave,,0,408,l3,,Y,0800A,0600P,RD,,2018,,0,01,31-No Stand (Com. Mtr. Zone),,,
8624926105,H62HNT,NJ,PAS,01/24/2018,31,SUBN,CADIL,T,10010,18430,18450,88880088,19,19,19,361305,T103,S,0140P,,NY,O,1359,1st Ave,,0,408,l3,,YYYYY,1000A,0200P,BLACK,,0,,0,01,31-No Stand (Com. Mtr. Zone),,,
8618155901,GAR4182,NY,PAS,01/24/2018,31,SUBN,FORD,T,24890,18070,18090,20180802,17,17,17,363941,T106,L,0241P,,NY,F,643,Lexington Ave,,0,408,l3,,Y,0700A,0700P,RD,,2004,,0,39,31-No Stand (Com. Mtr. Zone),,,
8615966795,GVU5823,NY,PAS,01/24/2018,31,4DSD,ME/BE,T,17190,13610,10350,20190101,9,9,9,366469,T101,D,0546P,,NY,F,70,E 10th St,,0,408,l3,,YYYYY,0800A,0600P,BK,,2014,,0,69,31-No Stand (Com. Mtr. Zone),,,
8615966643,GUH1295,NY,PAS,01/24/2018,31,SUBN,NISSA,T,13610,17210,17230,20181029,9,9,9,366469,T101,D,0210P,,NY,F,812,Broadway,,0,408,l3,,YYYYY,0700A,0600P,WH,,2017,,0,69,31-No Stand (Com. Mtr. Zone),,,
8626356985,GPT6178,NY,PAS,01/24/2018,31,SUBN,HUMME,T,10110,18610,18630,20180723,19,19,19,363487,T103,S,0532P,,NY,F,1566,2nd Ave,,0,408,l3,,Y,0700A,0700P,WH,,2007,,0,05,31-No Stand (Com. Mtr. Zone),,,
8628669620,GSM9386,NY,PAS,01/24/2018,31,4DSD,VOLKS,T,11820,13610,24390,20180919,9,9,9,351250,T105,J,0344P,,NY,F,10,Astor Pl,,0,408,l3,,YYYYY,0800A,0600P,BK,,2012,,0,069,31-No Stand (Com. Mtr. Zone),,,
8620355065,HTV3640,NY,999,01/24/2018,31,SUBN,ME/BE,T,10210,17830,17850,88880088,17,17,17,366512,T106,I,0610P,,NY,F,679,3rd Ave,,0,408,l3,,Y,0700A,0700P,SILVE,,0,,0,05,31-No Stand (Com. Mtr. Zone),,,
8620354929,HJF2465,NY,PAS,01/24/2018,31,PICK,FORD,T,17810,0,0,20180803,17,17,17,366512,T106,I,0217P,,NY,I,N,E 41st St,45ft W/of 3rd Ave,0,408,l3,,Y,0700A,0700P,BK,,2015,,0,05,31-No Stand (Com. Mtr. Zone),,,
8617655215,J839MT,FL,PAS,01/24/2018,31,SUBN,FORD,T,18110,27790,24890,20180388,18,18,18,359616,T106,H,0723A,,NY,O,136,E 56th St,,0,408,l3,,YYYYY,0700A,0600P,RED,,0,,0,39,31-No Stand (Com. Mtr. Zone),,,
8615810059,H74GGY,NJ,PAS,01/24/2018,31,4DSD,ME/BE,T,13810,0,0,88880088,1,1,1,359633,T101,C,1101A,,NY,I,S,Broome St,50ft E/of Mercer St,0,408,l3,,YYYYY,0800A,0600P,BLACK,,0,,0,24,31-No Stand (Com. Mtr. Zone),,,
8628563994,M29FXK,NJ,PAS,01/24/2018,31,4DSD,MITSU,T,13610,21690,13810,88880088,1,1,1,363555,T105,C,0130P,,NY,F,484,Broadway,,0,408,l3,,YYYYY,0700A,0600P,OTHER,,0,,0,066,31-No Stand (Com. Mtr. Zone),,,
8628563970,GDX9608,NY,PAS,01/24/2018,31,SUBN,FORD,T,21690,21730,25990,20181219,1,1,1,363555,T105,C,0120P,,NY,F,96,Grand St,,0,408,l3,,Y,0900A,0700P,RD,,2010,,0,066,31-No Stand (Com. Mtr. Zone),,,
8620062001,GTU2027,NY,PAS,01/24/2018,31,4DSD,TOYOT,T,32670,17890,17910,20181109,18,18,18,362639,T106,L,0205P,,NY,F,70,Vanderbilt Ave,,0,408,l3,,Y,0700A,0700P,BL,,2015,,0,18,31-No Stand (Com. Mtr. Zone),,,
8620061999,HHIT48,FL,PAS,01/24/2018,31,4DSD,CHRYS,T,32670,17890,17910,20180088,18,18,18,362639,T106,L,0203P,,NY,F,70,Vanderbilt Ave,,0,408,l3,,Y,0700A,0700P,WHITE,,0,,0,18,31-No Stand (Com. Mtr. Zone),,,
8617463788,GPY1791,NY,PAS,01/24/2018,31,SUBN,HONDA,T,34110,10410,10510,20180623,13,13,13,365842,T102,C,0820A,,NY,F,22,W 17th St,,0,408,l3,,YYYYY,0700A,0600P,BL,,2014,,0,03,31-No Stand (Com. Mtr. Zone),,,
8623462142,HMM9804,NY,PAS,01/24/2018,31,SUBN,HONDA,T,11710,35370,35390,20190109,20,20,20,362620,T103,D,1054A,,NY,F,425,Amsterdam Ave,,0,408,l3,,Y,0700A,0100P,GR,,2005,,0,34,31-No Stand (Com. Mtr. Zone),,,
8628315380,JRH5463,PA,PAS,01/24/2018,31,CONV,CHEVR,T,25630,28490,33490,20170188,1,1,1,356255,T105,H,0318P,,NY,F,110,Maiden Ln,,0,408,l3,,YYYYY,0800A,0600P,BLACK,,0,,0,026,31-No Stand (Com. Mtr. Zone),,,
8620860677,HSL9360,NY,PAS,01/24/2018,31,4DSD,AUDI,T,34270,10510,10610,20190802,13,13,13,365365,T102,H,0831A,,NY,F,124,W 25th St,,0,408,l3,,YYYYY,0800A,0700P,BL,,2017,,0,26,31-No Stand (Com. Mtr. Zone),,,
8620860665,GTE4873,NY,PAS,01/24/2018,31,SUBN,CHRYS,T,34270,13610,10510,20180808,13,13,13,365365,T102,H,0820A,,NY,F,36,W 25th St,,0,408,l3,,YYYYY,0800A,0600P,WH,,2014,,0,26,31-No Stand (Com. Mtr. Zone),,,
8617809644,GVJ9668,NY,PAS,01/24/2018,31,PICK,GMC,T,17910,10410,25390,20181222,18,18,18,358130,T106,O,0225P,,NY,F,2,E 46th St,,0,408,l3,,YYYYY,0700A,0600P,GY,,2018,,0,24,31-No Stand (Com. Mtr. Zone),,,
8628669747,GCJ8992,NY,PAS,01/24/2018,31,SUBN,JEEP,T,13610,33690,11820,20181122,6,6,6,351250,T105,J,0526P,,NY,O,738,Broadway,,0,408,l3,,YYYYY,0700A,0600P,RD,,2013,,0,069,31-No Stand (Com. Mtr. Zone),,,
8632625172,HFR6353,NY,PAS,01/24/2018,31,4DSD,HONDA,T,15640,35780,8890,20180508,115,115,115,357765,T401,U,0544P,,Q,F,37-27,74th St,,0,408,l3,,Y,0800A,0700P,BK,,2006,,0,51-A,31-No Stand (Com. Mtr. Zone),,,
8619855694,HWG2186,NY,PAS,01/24/2018,31,4DSD,ME/BE,T,34530,10610,10810,20191031,14,14,14,363065,T106,O,0317P,,NY,F,230,W 38th St,,0,408,l3,,YYYYY,0600A,0700P,BK,,2018,,0,26,31-No Stand (Com. Mtr. Zone),,,
8604037305,GKE3095,NY,PAS,01/24/2018,31,SUBN,NISSA,T,16890,8790,61090,20191030,115,115,115,357347,T401,R,0217P,,Q,O,37-12,82nd St,,0,408,l3,,Y,0900A,0700P,GY,,2017,,0,51-A,31-No Stand (Com. Mtr. Zone),,,
8604037214,JYN7793,PA,PAS,01/24/2018,31,SUBN,GMC,T,16890,8790,61090,20180988,115,115,115,357347,T401,R,0116P,,Q,O,37-12,82nd St,,0,408,l3,,Y,0900A,0700P,BLACK,,0,,0,51-A,31-No Stand (Com. Mtr. Zone),,,
8602479049,HAL7908,NY,PAS,01/24/2018,31,SUBN,GMC,T,13610,19890,13310,20190930,9,9,9,363518,T105,G,0224P,,NY,F,636,Broadway,,0,408,l3,,YYYYY,0700A,0600P,WH,,2014,,0,058,31-No Stand (Com. Mtr. Zone),,,
8602421345,HMN7585,NY,PAS,01/24/2018,31,4DSD,NISSA,T,21690,21730,25990,20190212,1,1,1,366444,T105,C,1040A,,NY,F,96A,Grand St,,0,408,l3,,Y,0900A,0700P,BK,,2010,,0,032,31-No Stand (Com. Mtr. Zone),,,
8604037408,GVA4344,NY,PAS,01/24/2018,31,SUBN,TOYOT,T,16890,8790,61090,20181104,115,115,115,357347,T401,R,0425P,,Q,O,37-12,82nd St,,0,408,l3,,Y,0900A,0700P,BK,,2015,,0,51-A,31-No Stand (Com. Mtr. Zone),,,
8598827812,GJP9982,NY,PAS,01/24/2018,31,SUBN,SPRI,T,22890,15310,13460,20191112,5,5,5,353164,T101,D,0429P,,NY,F,147,Hester St,,0,408,l3,,Y,0800A,0700P,BK,,2004,,0,42,31-No Stand (Com. Mtr. Zone),,,
8598827642,ISXF61,NJ,PAS,01/24/2018,31,SUBN,PORSC,T,13610,17210,17230,88880088,9,9,9,353164,T101,D,1210P,,NY,F,818,Broadway,,0,408,l3,,YYYYY,0700A,0600P,BLACK,,0,,0,42,31-No Stand (Com. Mtr. Zone),,,
8600968744,L40FZY,NJ,PAS,01/24/2018,31,4DSD,TOYOT,T,17810,0,0,88880088,14,14,14,359628,T106,L,0605P,,NY,I,S,E 41st St,15ft E/of Madison Av,0,408,l3,,Y,0700A,0700P,WHITE,,0,,0,32,31-No Stand (Com. Mtr. Zone),,,
8600968707,HTE8485,NY,PAS,01/24/2018,31,CONV,AUDI,T,17770,10410,25390,20190710,14,14,14,359628,T106,L,0338P,,NY,F,11,E 39th St,,0,408,l3,,Y,0700A,0700P,BK,,2018,,0,32,31-No Stand (Com. Mtr. Zone),,,
8600968598,HUU4808,NY,PAS,01/24/2018,31,4DSD,HONDA,T,34530,10410,10510,20190824,14,14,14,359628,T106,L,0136P,,NY,F,49,W 38th St,,0,408,l3,,YYYYY,0700A,0600P,RD,,2018,,0,32,31-No Stand (Com. Mtr. Zone),,,
8599219546,GGP4476,NY,PAS,01/24/2018,31,4DSD,ME/BE,T,17810,25390,27790,20190508,14,14,14,346001,T106,J,0601P,,NY,F,45,E 41st St,,0,408,l3,,Y,0700A,0700P,WH,,2015,,0,10,31-No Stand (Com. Mtr. Zone),,,
8599219522,HRP2077,NY,PAS,01/24/2018,31,4DSD,MINI,T,27790,17790,17810,20190527,14,14,14,346001,T106,J,0545P,,NY,F,101,Park Ave,,0,408,l3,,Y,0700A,0700P,GY,,2017,,0,10,31-No Stand (Com. Mtr. Zone),,,
8599219479,GCV9320,NY,PAS,01/24/2018,31,4DSD,NISSA,T,17770,0,0,20190416,14,14,14,346001,T106,J,0227P,,NY,I,N,E 39th St,30ft E/of Park Ave,0,408,l3,,Y,0700A,0700P,GY,,2009,,0,10,31-No Stand (Com. Mtr. Zone),,,
8598371294,H19CWC,NJ,PAS,01/24/2018,31,4DSD,TOYOT,T,10810,34510,34530,88880088,14,14,14,356525,T106,G,0613P,,NY,F,555,8th Ave,,0,408,l3,,Y,0700A,0700P,SILVE,,0,,0,46,31-No Stand (Com. Mtr. Zone),,,
8599422248,GWE6225,NY,PAS,01/24/2018,31,4DSD,PONTI,T,13610,34890,34910,20190115,18,18,18,358658,T106,H,1035A,,NY,F,1755,Broadway,,0,408,l3,,YYYYY,0700A,0600P,BK,,2006,,0,34,31-No Stand (Com. Mtr. Zone),,,
8598974274,HWW2073,NY,PAS,01/24/2018,31,4DSD,ME/BE,T,23130,13610,25990,20191218,1,1,1,362224,T105,C,0250P,,NY,O,46,Howard St,,0,408,l3,,YYYYY,0800A,0600P,WH,,2016,,0,059,31-No Stand (Com. Mtr. Zone),,,
8598118400,GQMB94,FL,PAS,01/24/2018,31,SUBN,DODGE,T,10210,17430,17450,20180688,13,13,13,359592,T102,A,1001A,,NY,F,295,3rd Ave,,0,408,l3,,YYYYY,0800A,0600P,WHITE,,0,,0,D,31-No Stand (Com. Mtr. Zone),,,
8588028773,GKW7978,NY,PAS,01/24/2018,31,SUBN,LEXUS,T,34510,10810,10910,20191113,14,14,14,356484,T106,P,0638P,,NY,F,302,W 37th St,,0,408,l3,,YYYYY,0600A,0700P,GY,,2016,,0,17,31-No Stand (Com. Mtr. Zone),,,
8588028669,HDR9756,NY,PAS,01/24/2018,31,SUBN,DODGE,T,34490,10610,10810,88880088,14,14,14,356484,T106,P,0109P,,NY,O,236,W 36th St,,0,408,l3,,YYYYY,0600A,0700P,WHITE,,2016,,0,17,31-No Stand (Com. Mtr. Zone),,,
8591183794,GRZ8197,NY,PAS,01/24/2018,31,SUBN,JEEP,T,34310,10510,10610,20180817,13,13,13,356521,T102,A,0405P,,NY,F,101,W 27th St,,0,408,l3,,YYYYY,0800A,0600P,BL,,2015,,0,A,31-No Stand (Com. Mtr. Zone),,,
8591183782,GEG6801,NY,PAS,01/24/2018,31,SUBN,TOYOT,T,34310,13610,10510,20190114,13,13,13,356521,T102,A,0336P,,NY,F,45,W 27th St,,0,408,l3,,YYYYY,0800A,0600P,GY,,2010,,0,A,31-No Stand (Com. Mtr. Zone),,,
8591183757,GXU2028,NY,PAS,01/24/2018,31,4DSD,NISSA,T,34310,13610,10510,20190503,13,13,13,356521,T102,A,0330P,,NY,O,27,W 27th St,,0,408,l3,,YYYYY,0800A,0600P,GY,,2003,,0,A,31-No Stand (Com. Mtr. Zone),,,
8600868956,HTV2418,NY,PAS,01/24/2018,31,4DSD,HONDA,T,34530,10610,10810,20190904,14,14,14,363029,T106,O,0541P,,NY,F,250,W 38th St,,0,408,l3,,YYYYY,0600A,0700P,BK,,2017,,0,07,31-No Stand (Com. Mtr. Zone),,,
8600868877,HMP9018,NY,PAS,01/24/2018,31,4DSD,TOYOT,T,17690,25390,27790,20190131,17,17,17,363029,T106,O,0259P,,NY,F,22,E 35th St,,0,408,l3,,Y,0700A,0700P,WH,,2016,,0,07,31-No Stand (Com. Mtr. Zone),,,
8600868828,HXF9349,NY,PAS,01/24/2018,31,VAN,FORD,T,34490,10410,10510,20180210,14,14,14,363029,T106,O,0132P,,NY,O,7,W 36th St,,0,408,l3,,YYYYY,0600A,0700P,WHITE,,2017,,0,07,31-No Stand (Com. Mtr. Zone),,,
8600229121,HKM7382,NY,OMS,01/24/2018,31,2DSD,SMART,T,35110,15710,13610,20180930,20,20,20,353069,T103,P,0210P,,NY,O,101,W 67th St,,0,408,l3,,Y,0500A,0600P,WH,,2016,,0,45,31-No Stand (Com. Mtr. Zone),,,
8600807050,GZY9497,NY,PAS,01/24/2018,31,PICK,FORD,T,34550,10810,10910,20190722,10,10,10,363058,T106,P,0940A,,NY,F,333,W 39th St,,0,408,l3,,YYYYY,0600A,0700P,BK,,2015,,0,10,31-No Stand (Com. Mtr. Zone),,,
8599971712,HLD6430,NY,PAS,01/24/2018,31,2DSD,SMART,T,26790,22890,21690,20190131,5,5,5,363957,T101,C,1151A,,NY,F,140,Mott St,,0,408,l3,,Y,0700A,0600P,BK,,2013,,0,39,31-No Stand (Com. Mtr. Zone),,,
8591183745,HJV5556,NY,PAS,01/24/2018,31,SUBN,FORD,T,34310,10410,13610,20181005,13,13,13,356521,T102,A,0328P,,NY,O,15,W 27th St,,0,408,l3,,YYYYY,0800A,0700P,BL,,2005,,0,A,31-No Stand (Com. Mtr. Zone),,,
8591183733,HTW7463,NY,PAS,01/24/2018,31,4DSD,HONDA,T,34310,10410,13610,20191022,13,13,13,356521,T102,A,0327P,,NY,F,11,W 27th St,,0,408,l3,,YYYYY,0800A,0700P,GY,,2004,,0,A,31-No Stand (Com. Mtr. Zone),,,
8591183691,HMR5411,NY,PAS,01/24/2018,31,4DSD,TOYOT,T,34230,10410,10510,20190123,13,13,13,356521,T102,A,0225P,,NY,F,40,W 23rd St,,0,408,l3,,Y,0700A,0700P,RD,,2013,,0,A,31-No Stand (Com. Mtr. Zone),,,
8591183680,GCG2238,NY,PAS,01/24/2018,31,SUBN,TOYOT,T,34230,10410,10510,20181008,13,13,13,356521,T102,A,0223P,,NY,O,53,W 23rd St,,0,408,l3,,Y,0700A,0700P,GY,,2001,,0,A,31-No Stand (Com. Mtr. Zone),,,
8591183551,HRN9590,NY,PAS,01/24/2018,31,SUBN,FORD,T,34330,13610,10510,20190315,10,10,10,356521,T102,A,1001A,,NY,F,44,W 28th St,,0,408,l3,,Y,0800A,0700P,RD,,2014,,0,A,31-No Stand (Com. Mtr. Zone),,,
8591183502,HDY9967,NY,PAS,01/24/2018,31,SUBN,BUICK,T,34110,10410,10510,20180331,13,13,13,356521,T102,A,0931A,,NY,O,17,W 17th St,,0,408,l3,,YYYYY,0700A,0600P,GY,,2016,,0,A,31-No Stand (Com. Mtr. Zone),,,
8592432868,HRC5024,NY,PAS,01/24/2018,31,4DSD,TOYOT,T,28490,32910,28870,20190420,1,1,1,363512,T105,G,0334P,,NY,F,160,Pearl St,,0,408,l3,,YYYYY,0800A,0600P,BK,,2017,,0,050,31-No Stand (Com. Mtr. Zone),,,
8587722293,HTS6029,NY,PAS,01/24/2018,31,SUBN,KIA,T,34510,10810,10910,20190915,14,14,14,358127,T106,I,0502P,,NY,F,302,W 37th St,,0,408,l3,,YYYYY,0600A,0700P,WH,,2013,,0,02,31-No Stand (Com. Mtr. Zone),,,
8587722232,JFM4117,PA,PAS,01/24/2018,31,4DSD,ME/BE,T,10110,0,0,88880088,17,17,17,358127,T106,I,0212P,,NY,I,E,2nd Ave,30ft N/of E 40th St,0,408,l3,,YYYYY,0700A,0700P,WHITE,,0,,0,02,31-No Stand (Com. Mtr. Zone),,,
8597773236,HNN1985,NY,PAS,01/24/2018,31,SUBN,HONDA,T,16890,8790,61090,20190123,115,115,115,366544,T401,H,0339P,,Q,O,37-16,82nd St,,0,408,l3,,Y,0900A,0700P,GY,,2016,,0,22-P,31-No Stand (Com. Mtr. Zone),,,
8588435391,GVP4597,NY,PAS,01/24/2018,31,SUBN,FORD,T,21090,0,0,20190119,1,1,1,361901,T105,G,0537P,,NY,I,E,Front St,40ft N/of Wall St,0,408,l3,,YYYYY,0800A,0600P,BL,,2009,,0,074,31-No Stand (Com. Mtr. Zone),,,
8588435251,M963348,NJ,PAS,01/24/2018,31,SUBN,BMW,T,30650,26010,13590,88880088,1,1,1,361901,T105,G,1259P,,NY,F,26,S William St,,0,408,l3,,YYYYY,0700A,0700P,BLACK,,0,,0,074,31-No Stand (Com. Mtr. Zone),,,
8590384329,GZF7320,NY,PAS,01/24/2018,31,4DSD,TOYOT,T,17990,10210,10110,20190621,17,17,17,349481,MTTF,F,0226P,,NY,F,255,E 50th St,,0,408,l3,,Y,0700A,0700P,GY,,2006,,0,15,31-No Stand (Com. Mtr. Zone),,,
8590384317,HUG5930,NY,PAS,01/24/2018,31,PICK,FORD,T,10110,17970,17990,20200118,17,17,17,349481,MTTF,F,0219P,,NY,F,930,2nd Ave,,0,408,l3,,YYYYY,0700A,0300P,BR,,2016,,0,15,31-No Stand (Com. Mtr. Zone),,,
8590384305,GDV9576,NY,PAS,01/24/2018,31,PICK,CHEVR,T,10110,17970,17990,20181127,17,17,17,349481,MTTF,F,0218P,,NY,F,936,2nd Ave,,0,408,l3,,YYYYY,0700A,0300P,WH,,2005,,0,15,31-No Stand (Com. Mtr. Zone),,,
8590384226,GEP8398,NY,PAS,01/24/2018,31,4DSD,ME/BE,T,17970,24890,10210,20180218,17,17,17,349481,MTTF,F,0151P,,NY,F,142,E 49th St,,0,408,l3,,YYYYY,0700A,0600P,WHITE,,2018,,0,15,31-No Stand (Com. Mtr. Zone),,,
8588986607,GKH4628,NY,PAS,01/24/2018,31,SUBN,FORD,T,8790,15540,15640,20191023,115,115,115,365933,T401,Q,1028A,,Q,O,73-06,37th Ave,,0,408,l3,,Y,0900A,0700P,GL,,2002,,0,23-A,31-No Stand (Com. Mtr. Zone),,,
8592322996,GXH4576,NY,PAS,01/24/2018,31,SUBN,FORD,T,34470,13610,10610,20190506,14,14,14,341943,T106,O,1039A,,NY,F,147,W 35th St,,0,408,l3,,YYYYY,0600A,0700P,BL,,2004,,0,99,31-No Stand (Com. Mtr. Zone),,,
8592322947,HUU3435,NY,PAS,01/24/2018,31,4DSD,ACURA,T,34490,10410,10510,20190809,14,14,14,341943,T106,O,0949A,,NY,O,38,W 36th St,,0,408,l3,,YYYYY,0600A,0700P,WH,,2016,,0,99,31-No Stand (Com. Mtr. Zone),,,
8588283712,GDB1044,NY,PAS,01/24/2018,31,SUBN,FORD,T,34310,10510,10610,20181011,13,13,13,331220,T102,A,0413P,,NY,O,166,W 27th St,,0,408,l3,,YYYYY,0800A,0600P,WH,,2017,,0,F,31-No Stand (Com. Mtr. Zone),,,
8588283694,HPW4037,NY,PAS,01/24/2018,31,SUBN,DODGE,T,34310,10510,10610,20190531,13,13,13,331220,T102,A,0342P,,NY,F,129,W 27th St,,0,408,l3,,YYYYY,0800A,0600P,GY,,2014,,0,F,31-No Stand (Com. Mtr. Zone),,,
8588283682,HLW8951,NY,PAS,01/24/2018,31,SUBN,TOYOT,T,34310,10510,10610,20181121,13,13,13,331220,T102,A,0338P,,NY,O,99,W 27th St,,0,408,l3,,YYYYY,0800A,0600P,WH,,2017,,0,F,31-No Stand (Com. Mtr. Zone),,,
8588283670,HJN2071,NY,PAS,01/24/2018,31,SUBN,CHEVR,T,34310,13610,10510,20180803,13,13,13,331220,T102,A,0331P,,NY,F,28,W 27th St,,0,408,l3,,YYYYY,0800A,0600P,WH,,2003,,0,F,31-No Stand (Com. Mtr. Zone),,,
8588283669,H13JDP,NJ,PAS,01/24/2018,31,SUBN,CHEVR,T,34310,13610,10510,88880088,13,13,13,331220,T102,A,0330P,,NY,F,28,W 27th St,,0,408,l3,,YYYYY,0800A,0600P,SILVE,,0,,0,F,31-No Stand (Com. Mtr. Zone),,,
8588283610,HNG5669,NY,PAS,01/24/2018,31,SUBN,ROVER,T,34130,10410,10510,20190228,13,13,13,331220,T102,A,0246P,,NY,F,42,W 18th St,,0,408,l3,,YYYYY,0800A,0700P,BL,,2017,,0,F,31-No Stand (Com. Mtr. Zone),,,
8588283487,HUE5985,NY,PAS,01/24/2018,31,SUBN,JEEP,T,34330,13610,10510,20190726,13,13,13,331220,T102,A,0958A,,NY,F,34,W 28th St,,0,408,l3,,Y,0800A,0700P,BK,,2017,,0,F,31-No Stand (Com. Mtr. Zone),,,
8588283475,HGM3047,NY,PAS,01/24/2018,31,PICK,TOYOT,T,34230,10510,10610,20180515,10,10,10,331220,T102,A,0950A,,NY,O,157,W 23rd St,,0,408,l3,,Y,0700A,0700P,GY,,2016,,0,F,31-No Stand (Com. Mtr. Zone),,,
8588283426,GNS1061,NY,PAS,01/24/2018,31,SUBN,SUBAR,T,34330,10510,10610,20180408,13,13,13,331220,T102,A,0906A,,NY,F,130,W 28th St,,0,408,l3,,YYYYY,0600A,0700P,OR,,2014,,0,F,31-No Stand (Com. Mtr. Zone),,,
8588283347,GFJ8834,NY,PAS,01/24/2018,31,SUBN,SUBAR,T,34230,10410,10510,20190915,13,13,13,331220,T102,A,0817A,,NY,F,30,W 23rd St,,0,408,l3,,Y,0700A,0700P,RD,,2007,,0,F,31-No Stand (Com. Mtr. Zone),,,
8588283244,HKN6330,NY,PAS,01/24/2018,31,SUBN,JEEP,T,34330,10510,10610,20180805,13,13,13,331220,T102,A,0614A,,NY,F,130,W 28th St,,0,408,l3,,YYYYY,0600A,0700P,BLACK,,2014,,0,F,31-No Stand (Com. Mtr. Zone),,,
8587464498,GFV4129,NY,PAS,01/24/2018,31,4DSD,ME/BE,T,10210,17670,17690,20190305,14,14,14,366556,T106,N,0434P,,NY,O,511,3rd Ave,,0,408,l3,,Y,0700A,0700P,BLACK,,2010,,0,01,31-No Stand (Com. Mtr. Zone),,,
8587443069,GRG8440,NY,PAS,01/24/2018,31,SUBN,DODGE,T,10910,34630,34650,20180531,14,14,14,351207,T106,O,0254P,,NY,F,608,9th Ave,,0,408,l3,,Y,0700A,0700P,WH,,2014,,0,33,31-No Stand (Com. Mtr. Zone),,,
8586276947,K29HNF,NJ,PAS,01/24/2018,31,SUBN,JEEP,T,28870,0,0,88880088,1,1,1,366552,T105,E,0536P,,NY,I,S,Pine St,20ft W/of Nassau St,0,408,l3,,YYYYY,0700A,0700P,GREY,,0,,0,046,31-No Stand (Com. Mtr. Zone),,,
8590728523,GMZ6081,NY,PAS,01/24/2018,31,2DSD,AUDI,T,34550,10410,10510,20180317,14,14,14,355145,T106,J,0603P,,NY,F,48,W 39th St,,0,408,l3,,YYYYY,0600A,0700P,GY,,0,,0,25,31-No Stand (Com. Mtr. Zone),,,
8590728365,HNN7737,NY,PAS,01/24/2018,31,SUBN,CHEVR,T,34730,10410,29900,20190226,18,18,18,355145,T106,J,0204P,,NY,F,22,W 48th St,,0,408,l3,,YYYYY,0700A,0600P,BK,,2017,,0,25,31-No Stand (Com. Mtr. Zone),,,
8588793090,HVU3505,NY,PAS,01/24/2018,31,SUBN,JEEP,T,15710,35190,35210,20191130,20,20,20,357701,T103,P,0118P,,NY,F,242,Columbus Ave,,0,408,l3,,YYYYY,1000A,0400P,RD,,2006,,0,53,31-No Stand (Com. Mtr. Zone),,,
8591078603,HLU8926,NY,PAS,01/24/2018,31,SUBN,HONDA,T,34490,13610,10610,20180602,18,18,18,353486,T106,A,0957A,,NY,F,152,W 36th St,,0,408,l3,,YYYYY,0600A,0700P,GR,,2007,,0,99,31-No Stand (Com. Mtr. Zone),,,
8591078597,GVC4106,NY,PAS,01/24/2018,31,4DSD,HONDA,T,34490,13610,10610,20190112,18,18,18,353486,T106,A,0956A,,NY,F,152,W 36th St,,0,408,l3,,YYYYY,0600A,0700P,GY,,2016,,0,99,31-No Stand (Com. Mtr. Zone),,,
8588793106,HVV6107,NY,PAS,01/24/2018,31,SUBN,LEXUS,T,15710,35190,35210,20191220,20,20,20,357701,T103,P,0119P,,NY,F,242,Columbus Ave,,0,408,l3,,YYYYY,1000A,0400P,WH,,2017,,0,53,31-No Stand (Com. Mtr. Zone),,,
8578998900,HNJ1642,NY,PAS,01/24/2018,31,4DSD,BMW,T,13610,0,0,20181221,9,9,9,365796,T105,E,0413P,,NY,I,E,Broadway,10ft N/of Bleecker S,0,408,l3,,YYYYY,0700A,0600P,GR,,2009,,0,071,31-No Stand (Com. Mtr. Zone),,,
8592721283,HSC5515,NY,PAS,01/24/2018,31,4DSD,HONDA,T,34550,10810,10910,20190505,14,14,14,363509,T106,J,0148P,,NY,O,323,W 39th St,,0,408,l3,,YYYYY,0600A,0700P,BK,,2004,,0,38,31-No Stand (Com. Mtr. Zone),,,
8577573904,HUC9993,NY,PAS,01/24/2018,31,SUBN,CHEVR,T,34730,29900,10510,20190803,18,18,18,363054,MTTF,H,0450P,,NY,F,32,W 48th St,,0,408,l3,,YYYYY,0700A,0600P,GY,,2017,,0,02,31-No Stand (Com. Mtr. Zone),,,
8577573849,GGR7516,NY,PAS,01/24/2018,31,2DSD,NISSA,T,13610,34850,34870,20190709,18,18,18,363054,MTTF,H,0222P,,NY,F,1717,Broadway,,0,408,l3,,YYYYYYY,,,BK,,2010,,0,02,31-No Stand (Com. Mtr. Zone),,,
8576833943,HPC1131,NY,PAS,01/24/2018,31,SUBN,TOYOT,T,11710,35490,35510,20190614,24,24,24,365826,T103,FF,0248P,,NY,O,541,Amsterdam Ave,,0,408,l3,,Y,0700A,0700P,BK,,2011,,0,54,31-No Stand (Com. Mtr. Zone),,,
8576532207,HNF6086,NY,PAS,01/24/2018,31,4DSD,MASE,T,18190,27790,24890,20190123,19,19,19,367345,T103,GG,0532P,,NY,F,108,E 60th St,,0,408,l3,,Y,0700A,0700P,BK,,2017,,0,61,31-No Stand (Com. Mtr. Zone),,,
8574278312,HTV9811,NY,PAS,01/24/2018,31,SUBN,VOLVO,T,10210,17730,17750,20191023,17,17,17,365793,T106,P,0313P,,NY,F,560,3rd Ave,,0,408,l3,,Y,0700A,0700P,GY,,2018,,0,03,31-No Stand (Com. Mtr. Zone),,,
8574237012,HMR4300,NY,PAS,01/24/2018,31,SUBN,SUBAR,T,34230,10510,10610,20181130,13,13,13,365819,T102,I,0341P,,NY,F,161,W 23rd St,,0,408,l3,,Y,0800A,0600P,RD,,2006,,0,F,31-No Stand (Com. Mtr. Zone),,,
8568357556,HCX6521,NY,PAS,01/24/2018,31,SUBN,AUDI,T,34370,10410,13610,20171217,10,10,10,343944,T108,P,0310P,,NY,F,37,W 30th St,,0,408,l3,,YYYYY,0800A,0600P,BK,,2014,,0,01,31-No Stand (Com. Mtr. Zone),,,
8568357544,HWA4564,NY,PAS,01/24/2018,31,4DSD,NISSA,T,34370,10410,13610,20191205,10,10,10,343944,T108,P,0306P,,NY,O,37,W 30th St,,0,408,l3,,YYYYY,0800A,0600P,WH,,2008,,0,01,31-No Stand (Com. Mtr. Zone),,,
8567455492,JWR5675,PA,PAS,01/24/2018,31,4DSD,VOLKS,T,34090,10810,10910,20180088,10,10,10,338588,T108,C,1005A,,NY,O,319,W 16th St,,0,408,l3,,YYYYY,0800A,0600P,BLACK,,0,,0,01A,31-No Stand (Com. Mtr. Zone),,,
8570408729,M970361,NJ,PAS,01/24/2018,31,4DSD,NISSA,T,34290,10610,10810,88880088,10,10,10,351215,T108,D,1053A,,NY,F,247,W 26th St,,0,408,l3,,YYYYY,0800A,0600P,BLACK,,0,,0,01,31-No Stand (Com. Mtr. Zone),,,
8569752696,GLJ9036,NY,PAS,01/24/2018,31,SUBN,JEEP,T,18090,10210,10110,20180130,18,18,18,346380,T108,G,0354P,,NY,F,240,E 55th St,,0,408,l3,,Y,0700A,0700P,BK,,2014,,0,01,31-No Stand (Com. Mtr. Zone),,,
8571059998,KBB0205,PA,PAS,01/24/2018,31,4DSD,INFIN,T,34670,10410,10510,88880088,14,14,14,351256,T108,I,0354P,,NY,O,35,W 45th St,,0,408,l3,,YYYYY,0700A,0600P,BLACK,,0,,0,01,31-No Stand (Com. Mtr. Zone),,,
8571059974,M32NSD,QB,PAS,01/24/2018,31,4DSD,VOLKS,T,34670,10810,10910,88880088,14,14,14,351256,T108,I,0242P,,NY,F,317,W 45th St,,0,408,l3,,Y,0700A,0600P,BLUE,,0,,0,01,31-No Stand (Com. Mtr. Zone),,,
8570703582,GPV2268,NY,PAS,01/24/2018,31,2DSD,ME/BE,T,27790,17750,17770,20180413,17,17,17,345140,T108,D,0914A,,NY,F,70,Park Ave,,0,408,l3,,YYYYY,0800A,0600P,BK,,2002,,0,02A,31-No Stand (Com. Mtr. Zone),,,
8570604919,L16GJP,NJ,PAS,01/24/2018,31,SUBN,HONDA,T,34710,13610,10810,88880088,18,18,18,330898,T108,H,0931P,,NY,O,261,W 47th St,,0,408,l3,,Y,0800A,1000P,BLUE,,0,,0,01,31-No Stand (Com. Mtr. Zone),,,
8570604890,GBU5914,NY,PAS,01/24/2018,31,4DSD,INFIN,T,34730,29900,10510,20180828,18,18,18,330898,T108,H,0333P,,NY,F,32,W 48th St,,0,408,l3,,YYYYY,0700A,0600P,BK,,2015,,0,01,31-No Stand (Com. Mtr. Zone),,,
8560132533,GXN2606,NY,PAS,01/24/2018,31,4DSD,BMW,T,16890,8790,61090,20190410,115,115,115,357761,T401,G,1249P,,Q,O,37-12,82nd St,,0,408,l3,,Y,0900A,0700P,GY,,2010,,0,23,31-No Stand (Com. Mtr. Zone),,,
8560132510,GXS5191,NY,PAS,01/24/2018,31,SUBN,TOYOT,T,16890,8790,61090,20190429,115,115,115,357761,T401,G,1220P,,Q,O,37-12,82nd St,,0,408,l3,,Y,0900A,0700P,RD,,2015,,0,23,31-No Stand (Com. Mtr. Zone),,,
Summons Number,Plate ID,Registration State,Plate Type,Issue Date,Violation Code,Vehicle Body Type,Vehicle Make,Issuing Agency,Street Code1,Street Code2,Street Code3,Vehicle Expiration Date,Violation Location,Violation Precinct,Issuer Precinct,Issuer Code,Issuer Command,Issuer Squad,Violation Time,Time First Observed,Violation County,Violation In Front Of Or Opposite,House Number,Street Name,Intersecting Street,Date First Observed,Law Section,Sub Division,Violation Legal Code,Days Parking In Effect    ,From Hours In Effect,To Hours In Effect,Vehicle Color,Unregistered Vehicle?,Vehicle Year,Meter Number,Feet From Curb,Violation Post Code,Violation Description,No Standing or Stopping Violation,Hydrant Violation,Double Parking Violation
1437253349,T663583C,NY,OMT,01/24/2018,31,SDN,,P,34870,10410,10510,0,17,17,401,957845,0401,0000,0507P,,NY,F,48,W 55 ST,,0,408,I3,,YYYYYBB,0700A,0600P,BK,0,0,-,0,,,,,
1437253325,AJ03227,CT,PAS,01/24/2018,31,SDN,TOYOT,P,34870,10410,10510,0,17,17,401,957845,0401,0000,0500P,,NY,F,55,W 55 ST,,0,408,I3,,YYYYYBB,1000A,0600P,WH,0,0,-,0,,,,,
1437253301,A31DSB,NJ,PAS,01/24/2018,31,VAN,DODGE,P,18050,10410,25390,0,17,17,401,957845,0401,0000,0422P,,NY,F,10,E 53 ST,,0,408,I3,,YYYYYYB,1000A,0600P,BK,0,0,-,0,,,,,
1437244117,AL45782,CT,PAS,01/24/2018,31,SDN,AUDI,P,34810,10410,10510,0,18,18,401,952583,0401,0000,0735A,,NY,F,19,W 52ND STREET,,0,408,C,,BBBBBBB,ALL,ALL,BLUE,0,0,-,0,,,,,
1437250040,T705119C,NY,OMT,01/24/2018,31,SUBN,FORD,P,10210,17810,17830,20180630,,0,401,951606,0401,0000,0930A,,NY,F,648,3RD AVENUE,,0,408,C4,,YYYYYYB,0700A,0400P,BLACK,0,2016,-,0,,,,,
1437237344,VEY1610,VA,PAS,01/24/2018,31,SDN,NISSA,P,17770,27790,24890,0,14,14,401,957564,0401,0000,0547P,,NY,F,113,E 39 ST,,0,408,I3,,YYYYYBB,01A,0600P,BLK,0,0,-,0,,,,,
1437237289,AD76168,CT,PAS,01/24/2018,31,SUBN,KIA,P,10210,17670,17690,0,17,17,401,957564,0401,0000,0420P,,NY,O,511,3RD AVE,,0,408,I3,,YYYYYYB,0700A,0700P,BLACK,0,0,-,0,,,,,
1437237277,S23DNR,NJ,PAS,01/24/2018,31,SDN,FORD,P,10210,17710,17730,20180930,17,17,401,957564,0401,0000,0346P,,NY,F,550,3RD AVE,,0,408,C,,YYYYYYB,0600A,0700P,RED,0,0,-,0,,,,,
1437244506,BXY1579,NY,PAS,01/24/2018,31,SUBN,HONDA,P,18190,24890,10210,20180611,,0,401,954673,0401,0000,0314A,,NY,F,160,EAST 60TH STREET,,0,408,I3,,YYYYYBB,0700A,0600P,GREEN,0,2012,-,0,,,,,
1437244282,VXA4500,VA,PAS,01/24/2018,31,SDN,FORD,P,18090,27790,24890,20180430,,0,401,961390,0401,0000,0518P,,NY,F,117,E 55TH STREET,,0,408,C,,YYYYYBB,0700A,0600P,BLU,0,0,-,0,,,,,
1437240732,OXZ9240,NJ,PAS,01/24/2018,31,,FORD,P,34550,10610,10810,0,14,14,406,946951,0406,0000,0445P,,NY,O,234,W 39TH ST,,0,408,I3,,BBBBBBB,ALL,ALL,WH,0,0,-,0,,,,,
1437240720,OXZ9240,NJ,PAS,01/24/2018,31,,FORD,P,34550,10610,10810,0,14,14,406,946951,0406,0000,0445P,,NY,O,234,W 39TH ST,,0,408,C,,BBBBBBB,ALL,ALL,WH,0,0,-,0,,,,,
1437240392,T666482C,NY,OMT,01/24/2018,31,TAXI,TOYOT,P,17710,97740,10110,20180228,,0,401,946673,0401,0000,0913A,,NY,F,238,E 36 ST,,0,408,C3,,BYYYYYB,0700A,0300P,BK,0,2014,-,0,,,,,
1437239973,R76CFC,NJ,PAS,01/24/2018,31,SDN,TOYOT,P,18090,27790,24890,0,17,17,401,957442,0401,0000,0848A,,NY,,133,E 55 ST,,0,408,K2,,YYYYYBB,0700A,0600P,RED,0,0,-,0,,,,,
1436754975,1CM4425,AL,PAS,01/24/2018,31,VAN,GMC,P,13610,13810,30790,20180831,1,1,1,952856,0001,0000,0225P,,NY,O,502,BROADWAY,,0,408,C,,YYYYYBB,0700A,0600P,,0,0,-,0,,,,,
1435692421,DXL6929,NY,PAS,01/24/2018,31,SUBN,CHEVR,P,18030,10210,10110,20190225,,0,401,946550,0401,0000,0334P,,NY,F,234,E 52ND ST,,0,408,I3,,YYYYYBB,0800A,0700P,BK,0,2015,-,0,,,,,
1435692410,492X0S,CT,PAS,01/24/2018,31,SDN,SUBAR,P,18030,10210,10110,0,,0,401,946550,0401,0000,0332P,,NY,F,240,E 52ND ST,,0,408,C,,YYYYYBB,0800A,0700P,GY,0,0,-,0,,,,,
1435692408,FLW7424,NY,PAS,01/24/2018,31,SUBN,ME/BE,P,18030,10210,10110,20190403,,0,401,946550,0401,0000,0330P,,NY,O,250,E 52 ST,,0,408,C3,,YYYYYBB,0800A,0700P,BL,0,2017,-,0,,,,,
1437249838,HPD3687,NY,PAS,01/24/2018,31,SUBN,ME/BE,P,17890,25390,32670,20180930,,0,401,960687,0401,0000,0515P,,NY,O,45,E 45 ST,,0,408,C,,YYYYYBB,0700A,0600P,BK,0,2017,-,0,,,,,
1437247672,KJS6790,PA,PAS,01/24/2018,31,,TOYOT,P,34470,10410,10510,0,401,401,401,960800,0401,0000,0113P,,NY,F,30,WEST 35TH STREET,,0,408,C,,BBBBBBB,ALL,ALL,,0,0,-,0,,,,,
1437245080,GXL2061,PA,PAS,01/24/2018,31,SDN,ME/BE,P,34710,10810,10910,0,18,18,401,957132,0401,0000,0305P,,,O,313,W 47TH STREET,,0,408,C,,BBBBBBB,ALL,ALL,TAN,0,0,-,0,,,,,
1437244452,HLG756,NC,PAS,01/24/2018,31,VAN,CHRYS,P,18090,24890,10210,0,,0,401,954673,0401,0000,0522P,,NY,F,137,EAST 55 STREET,,0,408,I3,,YYYYYBB,0700A,0600P,BLUE,0,0,-,0,,,,,
1437240021,HAU4081,NY,PAS,01/24/2018,31,SUBN,ME/BE,P,34830,10810,10910,20180101,17,17,401,937813,0401,0000,0812A,,NY,F,312,W 53RD STREET,,0,408,I3,,BBBBBBB,0700A,0700P,BK,0,2015,-,0,,,,,
1437240010,KHK2757,PA,PAS,01/24/2018,31,SDN,BMW,P,34350,10610,10810,0,17,17,401,937823,0401,0000,0724A,,NY,O,231,W 29TH STREET,,0,408,K2,,BBBBBBB,0700A,0700P,BK,0,0,-,0,,,,,
1437239985,HPE1944,NY,PAS,01/24/2018,31,P-U,NISSA,P,18150,10210,10110,20180511,17,17,401,957943,0401,0000,0941A,,NY,F,222,E 58 ST,,0,408,I3,,YYYYYBB,0600A,0300P,SIL,0,2016,-,0,,,,,
1437255796,GTT8689,NY,PAS,01/24/2018,31,SUBN,TOYOT,P,10210,17710,17730,20181204,14,14,401,953597,0401,0000,1045A,,NY,F,552,3RD AVE,,0,408,C,,YYYYYYB,0700A,0700P,BL,0,2006,-,0,,,,,
1437253659,HHC2510,NY,PAS,01/24/2018,31,SUBN,MITSU,P,17710,10410,25390,20180609,,0,401,955318,0401,0000,0347P,,NY,O,23,E 36 STREET,,0,408,C,,BBBBBBB,ALL,ALL,BK,0,2005,-,0,,,,,
1437253337,GZK1348,NY,PAS,01/24/2018,31,SDN,ME/BE,P,34870,10410,10510,20190614,17,17,401,957845,0401,0000,0503P,,NY,F,55,W 55 ST,,0,408,I3,,YYYYYBB,0700A,0600P,BL,0,2015,-,0,,,,,
1437253295,HKT3985,NY,PAS,01/24/2018,31,SDN,MINI,P,18050,10410,25390,20181108,17,17,401,957845,0401,0000,0347P,,NY,O,1,E 53 ST,,0,408,C,,YYYYYBB,0700A,0600P,BL,0,2015,-,0,,,,,
1435692433,HXN1047,NY,PAS,01/24/2018,31,SUBN,JEEP,P,0,40404,40404,20180225,,0,401,946550,0401,0000,0338P,,NY,F,216,E 52ND ST,,0,408,F1,,BBBBBBB,ALL,ALL,GY,0,2018,-,0,,,,,
1435690620,GPY8829,NY,PAS,01/24/2018,31,SUBN,DODGE,P,17770,27790,24890,20180531,17,17,401,957564,0401,0000,0429P,,NY,F,126,E 39 ST,,0,408,C,,YYYYYBB,0700A,0600P,BLK,0,2015,-,0,,,,,
1435611159,J42HSR,NJ,PAS,01/24/2018,31,SUBN,DODGE,P,14310,22690,25490,0,5,5,0,362558,SICA,0000,0340P,,NY,F,27,CATHERINE ST,,0,408,C,,YYYYYYB,0700A,0700P,SILVR,0,0,-,0,,,,,
1435610027,J86DZH,NJ,PAS,01/24/2018,31,SUBN,BMW,P,27100,24050,21230,0,1,1,0,362558,SICA,0000,1237P,,NY,O,90,NASSAU ST,,0,408,K2,,YYYYYYB,0700A,0700P,GY,0,0,-,0,,,,,
1416418349,GWF3050,NY,PAS,01/24/2018,31,SUBN,GMC,P,17990,10210,10110,20190216,,0,401,945615,0401,0000,0325P,,NY,F,249,E 50TH ST,,0,408,E2,,YYYYYYB,0700A,0700P,BLK,0,2015,-,0,,,,,
8638705610,043164R,NJ,PAS,01/24/2018,31,SUBN,ACURA,T,13610,29290,19890,88880088,1,1,1,363137,T105,G,0315P,,NY,F,575,Broadway,,0,408,l3,,YYYYY,0700A,0600P,GREY,,0,,0,054,31-No Stand (Com. Mtr. Zone),,,
8636057942,35305MH,NY,COM,01/24/2018,31,VAN,NISSA,T,34430,10510,10610,20190831,14,14,14,363141,T106,M,0720A,,NY,F,155,W 33rd St,,0,408,l3,,YYYYY,0700A,0700P,WH,,2015,,0,40,31-No Stand (Com. Mtr. Zone),,,
8636057899,48396ME,NY,COM,01/24/2018,31,VAN,FORD,T,34470,10610,10810,20180228,14,14,14,363141,T106,M,0641A,,NY,F,212,W 35th St,,0,408,l3,,YYYYY,0600A,0700P,WH,,2013,,0,40,31-No Stand (Com. Mtr. Zone),,,
8637153185,FGX7234,NY,PAS,01/24/2018,31,4DSD,LEXUS,T,10110,18490,18510,20190301,19,19,19,356214,T103,CC,0716A,,NY,F,1450,2nd Ave,,0,408,l3,,Y,0700A,0700P,GY,,2011,,0,CC1,31-No Stand (Com. Mtr. Zone),,,
8635802100,HHY6171,NY,PAS,01/24/2018,31,VAN,SPRI,T,18110,24890,10210,20180814,18,18,18,346346,MTTF,F,0243P,,NY,F,141,E 56th St,,0,408,l3,,YYYYY,0700A,0600P,WH,,2003,,0,10,31-No Stand (Com. Mtr. Zone),,,
8635801910,GER8472,NY,PAS,01/24/2018,31,4DSD,DODGE,T,34750,10410,29900,20190222,18,18,18,346346,MTTF,F,0934A,,NY,F,4,W 49th St,,0,408,l3,,YYYYY,0700A,0600P,BK,,2013,,0,10,31-No Stand (Com. Mtr. Zone),,,
8635801854,HFC9715,NY,PAS,01/24/2018,31,PICK,FORD,T,17850,0,0,20180125,14,14,14,346346,MTTF,F,0849A,,NY,I,S,E 43rd St,15ft W/of Madison Av,0,408,l3,,YYYYY,0700A,0600P,BK,,2016,,0,10,31-No Stand (Com. Mtr. Zone),,,
8634357820,HMX8917,NY,PAS,01/24/2018,31,SUBN,SUBAR,T,34470,13610,10610,20190418,14,14,14,350408,T106,M,0233P,,NY,F,131,W 35th St,,0,408,l3,,YYYYY,0600A,0700P,GR,,2007,,0,33,31-No Stand (Com. Mtr. Zone),,,
8634357776,HSF7324,NY,PAS,01/24/2018,31,SUBN,DODGE,T,34470,10610,10810,20190809,14,14,14,350408,T106,M,0221P,,NY,F,240,W 35th St,,0,408,l3,,YYYYY,0600A,0700P,GY,,2005,,0,33,31-No Stand (Com. Mtr. Zone),,,
8634912425,GVV2167,NY,PAS,01/24/2018,31,SUBN,GMC,T,30620,11510,24990,20190108,1,1,1,361083,T105,N,0551P,,NY,F,340,South End Ave,,0,408,l3,,YYYYY,0800A,0600P,BK,,2015,,0,R,31-No Stand (Com. Mtr. Zone),,,
8634912413,HMM9220,NY,PAS,01/24/2018,31,SUBN,AUDI,T,30620,11510,24990,20190122,1,1,1,361083,T105,N,0550P,,NY,O,375,South End Ave,,0,408,l3,,YYYYY,1000A,0600P,WH,,2017,,0,R,31-No Stand (Com. Mtr. Zone),,,
8636058284,GTF3485,NY,PAS,01/24/2018,31,SUBN,DODGE,T,13610,34510,34530,20180831,14,14,14,363141,T106,M,0314P,,NY,F,1385,Broadway,,0,408,l3,,YYYYY,0700A,0600P,GY,,2016,,0,40,31-No Stand (Com. Mtr. Zone),,,
8636058089,GXN5014,NY,PAS,01/24/2018,31,SUBN,CHEVR,T,34550,10610,10810,20170519,14,14,14,363141,T106,M,0102P,,NY,F,250,W 39th St,,0,408,l3,,YYYYY,0600A,0700P,GY,,2015,,0,40,31-No Stand (Com. Mtr. Zone),,,
8636058053,HER5852,NY,PAS,01/24/2018,31,SUBN,FORD,T,32600,13610,10610,20180228,18,18,18,363141,T106,M,0913A,,NY,F,7,Times Sq,,0,408,l3,,YYYYY,0700A,0600P,WH,,2006,,0,40,31-No Stand (Com. Mtr. Zone),,,
8637153197,HLD9393,NY,PAS,01/24/2018,31,SUBN,CADIL,T,10110,18490,18510,20180831,19,19,19,356214,T103,CC,0717A,,NY,F,1450,2nd Ave,,0,408,l3,,Y,0700A,0700P,BK,,2016,,0,CC1,31-No Stand (Com. Mtr. Zone),,,
8639150576,HHG8975,NY,PAS,01/24/2018,31,SUBN,HONDA,T,16890,8790,61090,20180706,115,115,115,367355,T401,T,0331P,,Q,O,37-12,82nd St,,0,408,l3,,Y,0900A,0700P,GY,,2010,,0,12,31-No Stand (Com. Mtr. Zone),,,
8638705657,HVZ3809,NY,PAS,01/24/2018,31,SUBN,BMW,T,25630,28490,33490,20191003,1,1,1,363137,T105,G,0502P,,NY,F,125,Maiden Ln,,0,408,l3,,YYYYY,0100P,0600P,WH,,2014,,0,054,31-No Stand (Com. Mtr. Zone),,,
8638705591,HNJ1656,NY,PAS,01/24/2018,31,SUBN,FORD,T,21705,13610,21700,20180216,9,9,9,363137,T105,G,0245P,,NY,O,1,Great Jones St,,0,408,l3,,YYYYY,0800A,0600P,GY,,2014,,0,054,31-No Stand (Com. Mtr. Zone),,,
8635455400,GEW2029,NY,PAS,01/24/2018,31,PICK,DODGE,T,23130,13610,25990,20190314,1,1,1,365918,T105,N,0547P,,NY,O,46,Howard St,,0,408,l3,,YYYYY,0800A,0600P,GY,,2013,,0,X,31-No Stand (Com. Mtr. Zone),,,
8634158378,GRA5650,NY,PAS,01/24/2018,31,VAN,CHEVR,T,34170,10410,10510,20180729,13,13,13,357783,T102,I,0430P,,NY,O,2,W 20th St,,0,408,l3,,YYYYY,0800A,0600P,WH,,2008,,0,A,31-No Stand (Com. Mtr. Zone),,,
8634158366,HRN4891,NY,PAS,01/24/2018,31,SUBN,JEEP,T,34170,10410,10510,20190626,13,13,13,357783,T102,I,0428P,,NY,O,20,W 20th St,,0,408,l3,,YYYYY,0800A,0600P,BK,,2011,,0,A,31-No Stand (Com. Mtr. Zone),,,
8634158354,HLW3095,NY,PAS,01/24/2018,31,SUBN,VOLKS,T,34170,10410,10510,20181117,13,13,13,357783,T102,I,0425P,,NY,F,40,W 20th St,,0,408,l3,,YYYYY,0800A,0600P,BK,,2017,,0,A,31-No Stand (Com. Mtr. Zone),,,
8633960679,HPX9346,NY,PAS,01/24/2018,31,CONV,PORSC,T,27100,13015,29295,20190601,1,1,1,357338,T105,N,0600P,,NY,F,145,Nassau St,,0,408,l3,,Y,0700A,0700P,BK,,2008,,0,U,31-No Stand (Com. Mtr. Zone),,,
8632802161,GGP9911,NY,PAS,01/24/2018,31,SUBN,MITSU,T,34290,13610,10510,20181002,13,13,13,352036,T108,K,0616P,,NY,F,55,W 26th St,,0,408,l3,,YYYYY,0800A,0700P,BL,,2011,,0,01B,31-No Stand (Com. Mtr. Zone),,,
8629357629,HCZ8969,NY,PAS,01/24/2018,31,2DSD,FORD,T,15640,35780,8890,20180704,115,115,115,363538,T401,P,0319P,,Q,F,37-27,74th St,,0,408,l3,,Y,0800A,0700P,GY,,2003,,0,11-A,31-No Stand (Com. Mtr. Zone),,,
8629711978,J86CJA,NJ,PAS,01/24/2018,31,SUBN,FORD,T,8790,15790,15990,88880088,115,115,115,357759,T401,U,0226P,,Q,O,75-16,37th Ave,,0,408,l3,,Y,0900A,0700P,GREY,,0,,0,41,31-No Stand (Com. Mtr. Zone),,,
8628817906,HCN2026,NY,PAS,01/24/2018,31,SUBN,LEXUS,T,13610,23130,21690,20191208,5,5,5,349538,T105,H,0514P,,NY,F,444,Broadway,,0,408,l3,,YYYYY,0700A,0600P,WH,,2016,,0,001,31-No Stand (Com. Mtr. Zone),,,
8628817890,KGV8365,PA,PAS,01/24/2018,31,4DSD,KIA,T,13610,23130,21690,88880088,5,5,5,349538,T105,H,0511P,,NY,F,434,Broadway,,0,408,l3,,YYYYY,0700A,0600P,WHITE,,0,,0,001,31-No Stand (Com. Mtr. Zone),,,
8628754507,HJR3215,NY,PAS,01/24/2018,31,SUBN,FORD,T,26990,13810,24190,20180724,5,5,5,366569,T105,G,0221P,,NY,F,184,Mulberry St,,0,408,l3,,Y,0700A,0600P,GR,,0,,0,055,31-No Stand (Com. Mtr. Zone),,,
8628754453,JKE1838,PA,PAS,01/24/2018,31,SEDN,TOYOT,T,13610,29290,19890,88880088,5,5,5,366569,T105,G,0131P,,NY,F,581,Broadway,,0,408,l3,,YYYYY,0700A,0600P,SILVE,,0,,0,055,31-No Stand (Com. Mtr. Zone),,,
8616466101,HAL7908,NY,PAS,01/24/2018,31,SUBN,GMC,T,13610,19890,13310,20190930,9,9,9,363951,T101,G,1133A,,NY,F,636,Broadway,,0,408,l3,,YYYYY,0700A,0600P,WH,,2014,,0,32,31-No Stand (Com. Mtr. Zone),,,
8616466095,KNT2506,PA,PAS,01/24/2018,31,4DSD,DODGE,T,21705,0,0,88880088,9,9,9,363951,T101,G,1122A,,NY,I,N,Great Jones St,50ft E/of Broadway,0,408,l3,,YYYYY,0800A,0600P,BLACK,,0,,0,32,31-No Stand (Com. Mtr. Zone),,,
8621921870,GKE1488,NY,PAS,01/24/2018,31,PICK,FORD,T,18050,10210,10110,20171104,17,17,17,358570,MTTF,C,0927A,,NY,F,226,E 53rd St,,0,408,l3,,Y,0700A,0700P,BK,,2016,,0,23,31-No Stand (Com. Mtr. Zone),,,
8618900310,GWC3440,NY,PAS,01/24/2018,31,SUBN,FORD,T,34530,0,0,20190209,14,14,14,363115,T106,N,0534P,,NY,I,S,W 38th St,20ft E/of Broadway,0,408,l3,,YYYYY,0600A,0700P,BK,,2015,,0,06,31-No Stand (Com. Mtr. Zone),,,
8618900230,GVU9329,NY,PAS,01/24/2018,31,SUBN,CADIL,T,17690,10410,25390,20190218,17,17,17,363115,T106,N,0258P,,NY,F,16,E 35th St,,0,408,l3,,YYYYY,0700A,0700P,GL,,2015,,0,06,31-No Stand (Com. Mtr. Zone),,,
8618900187,HSK3945,NY,PAS,01/24/2018,31,SUBN,GMC,T,34550,10410,10510,88880088,14,14,14,363115,T106,N,0236P,,NY,F,15-19,W 39th St,,0,408,l3,,YYYYY,0600A,0700P,BLACK,,0,,0,06,31-No Stand (Com. Mtr. Zone),,,
8616386531,HSZ2426,NY,PAS,01/24/2018,31,4DSD,NISSA,T,13610,13810,30790,20190713,1,1,1,362626,T101,D,0350P,,NY,F,505,Broadway,,0,408,l3,,YYYYY,0700A,0600P,GY,,2005,,0,70,31-No Stand (Com. Mtr. Zone),,,
8616386488,L46JLC,NJ,PAS,01/24/2018,31,SUBN,BMW,T,13810,13610,25990,88880088,1,1,1,362626,T101,D,0332P,,NY,F,444,Broome St,,0,408,l3,,YYYYY,0800A,0600P,WHITE,,0,,0,70,31-No Stand (Com. Mtr. Zone),,,
8627131016,GUY2586,NY,PAS,01/24/2018,31,SUBN,JEEP,T,10110,18770,18790,20180205,19,19,19,365362,T103,GG,0122P,,NY,F,1735,2nd Ave,,0,408,l3,,YYYYY,1000A,0200P,WHITE,,2018,,0,58,31-No Stand (Com. Mtr. Zone),,,
8619458190,HTU4772,NY,OMS,01/24/2018,31,SUBN,FORD,T,34550,10610,10810,20180930,14,14,14,333733,T106,P,0558P,,NY,F,214,W 39th St,,0,408,l3,,YYYYY,0600A,0700P,GY,,2018,,0,21,31-No Stand (Com. Mtr. Zone),,,
8616606130,HGM3047,NY,PAS,01/24/2018,31,PICK,TOYOT,T,34130,10510,10610,20180515,13,13,13,361135,T102,H,1134A,,NY,F,160,W 18th St,,0,408,l3,,YYYYY,0800A,0700P,GY,,2016,,0,27,31-No Stand (Com. Mtr. Zone),,,
8628012655,HCD2483,NY,PAS,01/24/2018,31,SUBN,NISSA,T,24050,15500,28490,20180228,1,1,1,363467,T105,J,0306P,,NY,F,116,John St,,0,408,l3,,YYYYY,0700A,0700P,GY,,2016,,0,003,31-No Stand (Com. Mtr. Zone),,,
8621658884,HHU1393,NY,PAS,01/24/2018,31,SUBN,DODGE,T,10210,17750,17770,20181231,17,17,17,347687,MTTF,C,0915A,,NY,F,578,3rd Ave,,0,408,l3,,Y,0700A,0700P,BK,,2017,,0,14,31-No Stand (Com. Mtr. Zone),,,
8621658732,HSM4895,NY,PAS,01/24/2018,31,4DSD,FORD,T,17810,27790,24890,20190806,17,17,17,347687,MTTF,C,0707A,,NY,F,125,E 41st St,,0,408,l3,,Y,0700A,0700P,GL,,2007,,0,14,31-No Stand (Com. Mtr. Zone),,,
8621414946,HHIT48,FL,PAS,01/24/2018,31,4DSD,CHRYS,T,32670,17890,17910,20180388,18,18,18,353068,MTTF,G,0232P,,NY,F,70,Vanderbilt Ave,,0,408,l3,,Y,0700A,0700P,WHITE,,0,,0,03,31-No Stand (Com. Mtr. Zone),,,
8618362712,HAL4136,NY,PAS,01/24/2018,31,4DSD,HYUND,T,34670,10410,10510,20191203,14,14,14,363515,T106,J,0211P,,NY,F,56,W 45th St,,0,408,l3,,YYYYY,0700A,0600P,BL,,2005,,0,23,31-No Stand (Com. Mtr. Zone),,,
8626961558,GGU9924,NY,PAS,01/24/2018,31,SUBN,SUBAR,T,10010,18490,18510,20190725,19,19,19,365335,T103,Y,1146A,,NY,F,1456,1st Ave,,0,408,l3,,YYYYY,1000A,0200P,GR,,2017,,0,CC1,31-No Stand (Com. Mtr. Zone),,,
8634211101,GWU2695,NY,PAS,01/24/2018,31,2DSD,HONDA,T,15640,35780,8890,20190306,115,115,115,358124,T401,H,0240P,,Q,F,37-27,74th St,,0,408,l3,,Y,0800A,0700P,RD,,2017,,0,10,31-No Stand (Com. Mtr. Zone),,,
8619560761,HSB1001,NY,PAS,01/24/2018,31,4DSD,HYUND,T,34630,10410,10510,20190801,14,14,14,351311,T106,P,0153P,,NY,F,4,W 43rd St,,0,408,l3,,Y,0700A,0600P,BL,,2008,,0,29,31-No Stand (Com. Mtr. Zone),,,
8616807172,M42HVY,NJ,PAS,01/24/2018,31,PICK,GMC,T,10510,34650,34670,88880088,14,14,14,352995,T106,E,0935A,,NY,F,1155,6th Ave,,0,408,l3,,YYYYY,0700A,0700P,WHITE,,0,,0,24,31-No Stand (Com. Mtr. Zone),,,
8616807070,HWW2910,NY,OMS,01/24/2018,31,SUBN,CHEVR,T,34510,10810,10910,20180930,14,14,14,352995,T106,E,0736A,,NY,F,302,W 37th St,,0,408,l3,,YYYYY,0600A,0700P,BK,,2018,,0,24,31-No Stand (Com. Mtr. Zone),,,
8616807068,HPM8689,NY,PAS,01/24/2018,31,4DSD,BMW,T,34490,10610,10810,20190413,14,14,14,352995,T106,E,0658A,,NY,F,269,W 36th St,,0,408,l3,,YYYYY,0600A,0700P,BK,,2012,,0,24,31-No Stand (Com. Mtr. Zone),,,
8615521852,HRK3843,NY,OMS,01/24/2018,31,SUBN,JEEP,T,13610,17210,17230,20180930,6,6,6,363924,T101,M,0845A,,NY,F,818,Broadway,,0,408,l3,,YYYYY,0700A,0600P,GY,,2017,,0,C,31-No Stand (Com. Mtr. Zone),,,
8624926166,GUY5801,NY,PAS,01/24/2018,31,PICK,DODGE,T,10010,18410,18430,20181030,19,19,19,361305,T103,S,0229P,,NY,O,1330,1st Ave,,0,408,l3,,Y,0800A,0600P,RD,,2018,,0,01,31-No Stand (Com. Mtr. Zone),,,
8624926105,H62HNT,NJ,PAS,01/24/2018,31,SUBN,CADIL,T,10010,18430,18450,88880088,19,19,19,361305,T103,S,0140P,,NY,O,1359,1st Ave,,0,408,l3,,YYYYY,1000A,0200P,BLACK,,0,,0,01,31-No Stand (Com. Mtr. Zone),,,
8618155901,GAR4182,NY,PAS,01/24/2018,31,SUBN,FORD,T,24890,18070,18090,20180802,17,17,17,363941,T106,L,0241P,,NY,F,643,Lexington Ave,,0,408,l3,,Y,0700A,0700P,RD,,2004,,0,39,31-No Stand (Com. Mtr. Zone),,,
8615966795,GVU5823,NY,PAS,01/24/2018,31,4DSD,ME/BE,T,17190,13610,10350,20190101,9,9,9,366469,T101,D,0546P,,NY,F,70,E 10th St,,0,408,l3,,YYYYY,0800A,0600P,BK,,2014,,0,69,31-No Stand (Com. Mtr. Zone),,,
8615966643,GUH1295,NY,PAS,01/24/2018,31,SUBN,NISSA,T,13610,17210,17230,20181029,9,9,9,366469,T101,D,0210P,,NY,F,812,Broadway,,0,408,l3,,YYYYY,0700A,0600P,WH,,2017,,0,69,31-No Stand (Com. Mtr. Zone),,,
8626356985,GPT6178,NY,PAS,01/24/2018,31,SUBN,HUMME,T,10110,18610,18630,20180723,19,19,19,363487,T103,S,0532P,,NY,F,1566,2nd Ave,,0,408,l3,,Y,0700A,0700P,WH,,2007,,0,05,31-No Stand (Com. Mtr. Zone),,,
8628669620,GSM9386,NY,PAS,01/24/2018,31,4DSD,VOLKS,T,11820,13610,24390,20180919,9,9,9,351250,T105,J,0344P,,NY,F,10,Astor Pl,,0,408,l3,,YYYYY,0800A,0600P,BK,,2012,,0,069,31-No Stand (Com. Mtr. Zone),,,
8620355065,HTV3640,NY,999,01/24/2018,31,SUBN,ME/BE,T,10210,17830,17850,88880088,17,17,17,366512,T106,I,0610P,,NY,F,679,3rd Ave,,0,408,l3,,Y,0700A,0700P,SILVE,,0,,0,05,31-No Stand (Com. Mtr. Zone),,,
8620354929,HJF2465,NY,PAS,01/24/2018,31,PICK,FORD,T,17810,0,0,20180803,17,17,17,366512,T106,I,0217P,,NY,I,N,E 41st St,45ft W/of 3rd Ave,0,408,l3,,Y,0700A,0700P,BK,,2015,,0,05,31-No Stand (Com. Mtr. Zone),,,
8617655215,J839MT,FL,PAS,01/24/2018,31,SUBN,FORD,T,18110,27790,24890,20180388,18,18,18,359616,T106,H,0723A,,NY,O,136,E 56th St,,0,408,l3,,YYYYY,0700A,0600P,RED,,0,,0,39,31-No Stand (Com. Mtr. Zone),,,
8615810059,H74GGY,NJ,PAS,01/24/2018,31,4DSD,ME/BE,T,13810,0,0,88880088,1,1,1,359633,T101,C,1101A,,NY,I,S,Broome St,50ft E/of Mercer St,0,408,l3,,YYYYY,0800A,0600P,BLACK,,0,,0,24,31-No Stand (Com. Mtr. Zone),,,
8628563994,M29FXK,NJ,PAS,01/24/2018,31,4DSD,MITSU,T,13610,21690,13810,88880088,1,1,1,363555,T105,C,0130P,,NY,F,484,Broadway,,0,408,l3,,YYYYY,0700A,0600P,OTHER,,0,,0,066,31-No Stand (Com. Mtr. Zone),,,
8628563970,GDX9608,NY,PAS,01/24/2018,31,SUBN,FORD,T,21690,21730,25990,20181219,1,1,1,363555,T105,C,0120P,,NY,F,96,Grand St,,0,408,l3,,Y,0900A,0700P,RD,,2010,,0,066,31-No Stand (Com. Mtr. Zone),,,
8620062001,GTU2027,NY,PAS,01/24/2018,31,4DSD,TOYOT,T,32670,17890,17910,20181109,18,18,18,362639,T106,L,0205P,,NY,F,70,Vanderbilt Ave,,0,408,l3,,Y,0700A,0700P,BL,,2015,,0,18,31-No Stand (Com. Mtr. Zone),,,
8620061999,HHIT48,FL,PAS,01/24/2018,31,4DSD,CHRYS,T,32670,17890,17910,20180088,18,18,18,362639,T106,L,0203P,,NY,F,70,Vanderbilt Ave,,0,408,l3,,Y,0700A,0700P,WHITE,,0,,0,18,31-No Stand (Com. Mtr. Zone),,,
8617463788,GPY1791,NY,PAS,01/24/2018,31,SUBN,HONDA,T,34110,10410,10510,20180623,13,13,13,365842,T102,C,0820A,,NY,F,22,W 17th St,,0,408,l3,,YYYYY,0700A,0600P,BL,,2014,,0,03,31-No Stand (Com. Mtr. Zone),,,
8623462142,HMM9804,NY,PAS,01/24/2018,31,SUBN,HONDA,T,11710,35370,35390,20190109,20,20,20,362620,T103,D,1054A,,NY,F,425,Amsterdam Ave,,0,408,l3,,Y,0700A,0100P,GR,,2005,,0,34,31-No Stand (Com. Mtr. Zone),,,
8628315380,JRH5463,PA,PAS,01/24/2018,31,CONV,CHEVR,T,25630,28490,33490,20170188,1,1,1,356255,T105,H,0318P,,NY,F,110,Maiden Ln,,0,408,l3,,YYYYY,0800A,0600P,BLACK,,0,,0,026,31-No Stand (Com. Mtr. Zone),,,
8620860677,HSL9360,NY,PAS,01/24/2018,31,4DSD,AUDI,T,34270,10510,10610,20190802,13,13,13,365365,T102,H,0831A,,NY,F,124,W 25th St,,0,408,l3,,YYYYY,0800A,0700P,BL,,2017,,0,26,31-No Stand (Com. Mtr. Zone),,,
8620860665,GTE4873,NY,PAS,01/24/2018,31,SUBN,CHRYS,T,34270,13610,10510,20180808,13,13,13,365365,T102,H,0820A,,NY,F,36,W 25th St,,0,408,l3,,YYYYY,0800A,0600P,WH,,2014,,0,26,31-No Stand (Com. Mtr. Zone),,,
8617809644,GVJ9668,NY,PAS,01/24/2018,31,PICK,GMC,T,17910,10410,25390,20181222,18,18,18,358130,T106,O,0225P,,NY,F,2,E 46th St,,0,408,l3,,YYYYY,0700A,0600P,GY,,2018,,0,24,31-No Stand (Com. Mtr. Zone),,,
8628669747,GCJ8992,NY,PAS,01/24/2018,31,SUBN,JEEP,T,13610,33690,11820,20181122,6,6,6,351250,T105,J,0526P,,NY,O,738,Broadway,,0,408,l3,,YYYYY,0700A,0600P,RD,,2013,,0,069,31-No Stand (Com. Mtr. Zone),,,
8632625172,HFR6353,NY,PAS,01/24/2018,31,4DSD,HONDA,T,15640,35780,8890,20180508,115,115,115,357765,T401,U,0544P,,Q,F,37-27,74th St,,0,408,l3,,Y,0800A,0700P,BK,,2006,,0,51-A,31-No Stand (Com. Mtr. Zone),,,
8619855694,HWG2186,NY,PAS,01/24/2018,31,4DSD,ME/BE,T,34530,10610,10810,20191031,14,14,14,363065,T106,O,0317P,,NY,F,230,W 38th St,,0,408,l3,,YYYYY,0600A,0700P,BK,,2018,,0,26,31-No Stand (Com. Mtr. Zone),,,
8604037305,GKE3095,NY,PAS,01/24/2018,31,SUBN,NISSA,T,16890,8790,61090,20191030,115,115,115,357347,T401,R,0217P,,Q,O,37-12,82nd St,,0,408,l3,,Y,0900A,0700P,GY,,2017,,0,51-A,31-No Stand (Com. Mtr. Zone),,,
8604037214,JYN7793,PA,PAS,01/24/2018,31,SUBN,GMC,T,16890,8790,61090,20180988,115,115,115,357347,T401,R,0116P,,Q,O,37-12,82nd St,,0,408,l3,,Y,0900A,0700P,BLACK,,0,,0,51-A,31-No Stand (Com. Mtr. Zone),,,
8602479049,HAL7908,NY,PAS,01/24/2018,31,SUBN,GMC,T,13610,19890,13310,20190930,9,9,9,363518,T105,G,0224P,,NY,F,636,Broadway,,0,408,l3,,YYYYY,0700A,0600P,WH,,2014,,0,058,31-No Stand (Com. Mtr. Zone),,,
8602421345,HMN7585,NY,PAS,01/24/2018,31,4DSD,NISSA,T,21690,21730,25990,20190212,1,1,1,366444,T105,C,1040A,,NY,F,96A,Grand St,,0,408,l3,,Y,0900A,0700P,BK,,2010,,0,032,31-No Stand (Com. Mtr. Zone),,,
8604037408,GVA4344,NY,PAS,01/24/2018,31,SUBN,TOYOT,T,16890,8790,61090,20181104,115,115,115,357347,T401,R,0425P,,Q,O,37-12,82nd St,,0,408,l3,,Y,0900A,0700P,BK,,2015,,0,51-A,31-No Stand (Com. Mtr. Zone),,,
8598827812,GJP9982,NY,PAS,01/24/2018,31,SUBN,SPRI,T,22890,15310,13460,20191112,5,5,5,353164,T101,D,0429P,,NY,F,147,Hester St,,0,408,l3,,Y,0800A,0700P,BK,,2004,,0,42,31-No Stand (Com. Mtr. Zone),,,
8598827642,ISXF61,NJ,PAS,01/24/2018,31,SUBN,PORSC,T,13610,17210,17230,88880088,9,9,9,353164,T101,D,1210P,,NY,F,818,Broadway,,0,408,l3,,YYYYY,0700A,0600P,BLACK,,0,,0,42,31-No Stand (Com. Mtr. Zone),,,
8600968744,L40FZY,NJ,PAS,01/24/2018,31,4DSD,TOYOT,T,17810,0,0,88880088,14,14,14,359628,T106,L,0605P,,NY,I,S,E 41st St,15ft E/of Madison Av,0,408,l3,,Y,0700A,0700P,WHITE,,0,,0,32,31-No Stand (Com. Mtr. Zone),,,
8600968707,HTE8485,NY,PAS,01/24/2018,31,CONV,AUDI,T,17770,10410,25390,20190710,14,14,14,359628,T106,L,0338P,,NY,F,11,E 39th St,,0,408,l3,,Y,0700A,0700P,BK,,2018,,0,32,31-No Stand (Com. Mtr. Zone),,,
8600968598,HUU4808,NY,PAS,01/24/2018,31,4DSD,HONDA,T,34530,10410,10510,20190824,14,14,14,359628,T106,L,0136P,,NY,F,49,W 38th St,,0,408,l3,,YYYYY,0700A,0600P,RD,,2018,,0,32,31-No Stand (Com. Mtr. Zone),,,
8599219546,GGP4476,NY,PAS,01/24/2018,31,4DSD,ME/BE,T,17810,25390,27790,20190508,14,14,14,346001,T106,J,0601P,,NY,F,45,E 41st St,,0,408,l3,,Y,0700A,0700P,WH,,2015,,0,10,31-No Stand (Com. Mtr. Zone),,,
8599219522,HRP2077,NY,PAS,01/24/2018,31,4DSD,MINI,T,27790,17790,17810,20190527,14,14,14,346001,T106,J,0545P,,NY,F,101,Park Ave,,0,408,l3,,Y,0700A,0700P,GY,,2017,,0,10,31-No Stand (Com. Mtr. Zone),,,
8599219479,GCV9320,NY,PAS,01/24/2018,31,4DSD,NISSA,T,17770,0,0,20190416,14,14,14,346001,T106,J,0227P,,NY,I,N,E 39th St,30ft E/of Park Ave,0,408,l3,,Y,0700A,0700P,GY,,2009,,0,10,31-No Stand (Com. Mtr. Zone),,,
8598371294,H19CWC,NJ,PAS,01/24/2018,31,4DSD,TOYOT,T,10810,34510,34530,88880088,14,14,14,356525,T106,G,0613P,,NY,F,555,8th Ave,,0,408,l3,,Y,0700A,0700P,SILVE,,0,,0,46,31-No Stand (Com. Mtr. Zone),,,
8599422248,GWE6225,NY,PAS,01/24/2018,31,4DSD,PONTI,T,13610,34890,34910,20190115,18,18,18,358658,T106,H,1035A,,NY,F,1755,Broadway,,0,408,l3,,YYYYY,0700A,0600P,BK,,2006,,0,34,31-No Stand (Com. Mtr. Zone),,,
8598974274,HWW2073,NY,PAS,01/24/2018,31,4DSD,ME/BE,T,23130,13610,25990,20191218,1,1,1,362224,T105,C,0250P,,NY,O,46,Howard St,,0,408,l3,,YYYYY,0800A,0600P,WH,,2016,,0,059,31-No Stand (Com. Mtr. Zone),,,
8598118400,GQMB94,FL,PAS,01/24/2018,31,SUBN,DODGE,T,10210,17430,17450,20180688,13,13,13,359592,T102,A,1001A,,NY,F,295,3rd Ave,,0,408,l3,,YYYYY,0800A,0600P,WHITE,,0,,0,D,31-No Stand (Com. Mtr. Zone),,,
8588028773,GKW7978,NY,PAS,01/24/2018,31,SUBN,LEXUS,T,34510,10810,10910,20191113,14,14,14,356484,T106,P,0638P,,NY,F,302,W 37th St,,0,408,l3,,YYYYY,0600A,0700P,GY,,2016,,0,17,31-No Stand (Com. Mtr. Zone),,,
8588028669,HDR9756,NY,PAS,01/24/2018,31,SUBN,DODGE,T,34490,10610,10810,88880088,14,14,14,356484,T106,P,0109P,,NY,O,236,W 36th St,,0,408,l3,,YYYYY,0600A,0700P,WHITE,,2016,,0,17,31-No Stand (Com. Mtr. Zone),,,
8591183794,GRZ8197,NY,PAS,01/24/2018,31,SUBN,JEEP,T,34310,10510,10610,20180817,13,13,13,356521,T102,A,0405P,,NY,F,101,W 27th St,,0,408,l3,,YYYYY,0800A,0600P,BL,,2015,,0,A,31-No Stand (Com. Mtr. Zone),,,
8591183782,GEG6801,NY,PAS,01/24/2018,31,SUBN,TOYOT,T,34310,13610,10510,20190114,13,13,13,356521,T102,A,0336P,,NY,F,45,W 27th St,,0,408,l3,,YYYYY,0800A,0600P,GY,,2010,,0,A,31-No Stand (Com. Mtr. Zone),,,
8591183757,GXU2028,NY,PAS,01/24/2018,31,4DSD,NISSA,T,34310,13610,10510,20190503,13,13,13,356521,T102,A,0330P,,NY,O,27,W 27th St,,0,408,l3,,YYYYY,0800A,0600P,GY,,2003,,0,A,31-No Stand (Com. Mtr. Zone),,,
8600868956,HTV2418,NY,PAS,01/24/2018,31,4DSD,HONDA,T,34530,10610,10810,20190904,14,14,14,363029,T106,O,0541P,,NY,F,250,W 38th St,,0,408,l3,,YYYYY,0600A,0700P,BK,,2017,,0,07,31-No Stand (Com. Mtr. Zone),,,
8600868877,HMP9018,NY,PAS,01/24/2018,31,4DSD,TOYOT,T,17690,25390,27790,20190131,17,17,17,363029,T106,O,0259P,,NY,F,22,E 35th St,,0,408,l3,,Y,0700A,0700P,WH,,2016,,0,07,31-No Stand (Com. Mtr. Zone),,,
8600868828,HXF9349,NY,PAS,01/24/2018,31,VAN,FORD,T,34490,10410,10510,20180210,14,14,14,363029,T106,O,0132P,,NY,O,7,W 36th St,,0,408,l3,,YYYYY,0600A,0700P,WHITE,,2017,,0,07,31-No Stand (Com. Mtr. Zone),,,
8600229121,HKM7382,NY,OMS,01/24/2018,31,2DSD,SMART,T,35110,15710,13610,20180930,20,20,20,353069,T103,P,0210P,,NY,O,101,W 67th St,,0,408,l3,,Y,0500A,0600P,WH,,2016,,0,45,31-No Stand (Com. Mtr. Zone),,,
8600807050,GZY9497,NY,PAS,01/24/2018,31,PICK,FORD,T,34550,10810,10910,20190722,10,10,10,363058,T106,P,0940A,,NY,F,333,W 39th St,,0,408,l3,,YYYYY,0600A,0700P,BK,,2015,,0,10,31-No Stand (Com. Mtr. Zone),,,
8599971712,HLD6430,NY,PAS,01/24/2018,31,2DSD,SMART,T,26790,22890,21690,20190131,5,5,5,363957,T101,C,1151A,,NY,F,140,Mott St,,0,408,l3,,Y,0700A,0600P,BK,,2013,,0,39,31-No Stand (Com. Mtr. Zone),,,
8591183745,HJV5556,NY,PAS,01/24/2018,31,SUBN,FORD,T,34310,10410,13610,20181005,13,13,13,356521,T102,A,0328P,,NY,O,15,W 27th St,,0,408,l3,,YYYYY,0800A,0700P,BL,,2005,,0,A,31-No Stand (Com. Mtr. Zone),,,
8591183733,HTW7463,NY,PAS,01/24/2018,31,4DSD,HONDA,T,34310,10410,13610,20191022,13,13,13,356521,T102,A,0327P,,NY,F,11,W 27th St,,0,408,l3,,YYYYY,0800A,0700P,GY,,2004,,0,A,31-No Stand (Com. Mtr. Zone),,,
8591183691,HMR5411,NY,PAS,01/24/2018,31,4DSD,TOYOT,T,34230,10410,10510,20190123,13,13,13,356521,T102,A,0225P,,NY,F,40,W 23rd St,,0,408,l3,,Y,0700A,0700P,RD,,2013,,0,A,31-No Stand (Com. Mtr. Zone),,,
8591183680,GCG2238,NY,PAS,01/24/2018,31,SUBN,TOYOT,T,34230,10410,10510,20181008,13,13,13,356521,T102,A,0223P,,NY,O,53,W 23rd St,,0,408,l3,,Y,0700A,0700P,GY,,2001,,0,A,31-No Stand (Com. Mtr. Zone),,,
8591183551,HRN9590,NY,PAS,01/24/2018,31,SUBN,FORD,T,34330,13610,10510,20190315,10,10,10,356521,T102,A,1001A,,NY,F,44,W 28th St,,0,408,l3,,Y,0800A,0700P,RD,,2014,,0,A,31-No Stand (Com. Mtr. Zone),,,
8591183502,HDY9967,NY,PAS,01/24/2018,31,SUBN,BUICK,T,34110,10410,10510,20180331,13,13,13,356521,T102,A,0931A,,NY,O,17,W 17th St,,0,408,l3,,YYYYY,0700A,0600P,GY,,2016,,0,A,31-No Stand (Com. Mtr. Zone),,,
8592432868,HRC5024,NY,PAS,01/24/2018,31,4DSD,TOYOT,T,28490,32910,28870,20190420,1,1,1,363512,T105,G,0334P,,NY,F,160,Pearl St,,0,408,l3,,YYYYY,0800A,0600P,BK,,2017,,0,050,31-No Stand (Com. Mtr. Zone),,,
8587722293,HTS6029,NY,PAS,01/24/2018,31,SUBN,KIA,T,34510,10810,10910,20190915,14,14,14,358127,T106,I,0502P,,NY,F,302,W 37th St,,0,408,l3,,YYYYY,0600A,0700P,WH,,2013,,0,02,31-No Stand (Com. Mtr. Zone),,,
8587722232,JFM4117,PA,PAS,01/24/2018,31,4DSD,ME/BE,T,10110,0,0,88880088,17,17,17,358127,T106,I,0212P,,NY,I,E,2nd Ave,30ft N/of E 40th St,0,408,l3,,YYYYY,0700A,0700P,WHITE,,0,,0,02,31-No Stand (Com. Mtr. Zone),,,
8597773236,HNN1985,NY,PAS,01/24/2018,31,SUBN,HONDA,T,16890,8790,61090,20190123,115,115,115,366544,T401,H,0339P,,Q,O,37-16,82nd St,,0,408,l3,,Y,0900A,0700P,GY,,2016,,0,22-P,31-No Stand (Com. Mtr. Zone),,,
8588435391,GVP4597,NY,PAS,01/24/2018,31,SUBN,FORD,T,21090,0,0,20190119,1,1,1,361901,T105,G,0537P,,NY,I,E,Front St,40ft N/of Wall St,0,408,l3,,YYYYY,0800A,0600P,BL,,2009,,0,074,31-No Stand (Com. Mtr. Zone),,,
8588435251,M963348,NJ,PAS,01/24/2018,31,SUBN,BMW,T,30650,26010,13590,88880088,1,1,1,361901,T105,G,1259P,,NY,F,26,S William St,,0,408,l3,,YYYYY,0700A,0700P,BLACK,,0,,0,074,31-No Stand (Com. Mtr. Zone),,,
8590384329,GZF7320,NY,PAS,01/24/2018,31,4DSD,TOYOT,T,17990,10210,10110,20190621,17,17,17,349481,MTTF,F,0226P,,NY,F,255,E 50th St,,0,408,l3,,Y,0700A,0700P,GY,,2006,,0,15,31-No Stand (Com. Mtr. Zone),,,
8590384317,HUG5930,NY,PAS,01/24/2018,31,PICK,FORD,T,10110,17970,17990,20200118,17,17,17,349481,MTTF,F,0219P,,NY,F,930,2nd Ave,,0,408,l3,,YYYYY,0700A,0300P,BR,,2016,,0,15,31-No Stand (Com. Mtr. Zone),,,
8590384305,GDV9576,NY,PAS,01/24/2018,31,PICK,CHEVR,T,10110,17970,17990,20181127,17,17,17,349481,MTTF,F,0218P,,NY,F,936,2nd Ave,,0,408,l3,,YYYYY,0700A,0300P,WH,,2005,,0,15,31-No Stand (Com. Mtr. Zone),,,
8590384226,GEP8398,NY,PAS,01/24/2018,31,4DSD,ME/BE,T,17970,24890,10210,20180218,17,17,17,349481,MTTF,F,0151P,,NY,F,142,E 49th St,,0,408,l3,,YYYYY,0700A,0600P,WHITE,,2018,,0,15,31-No Stand (Com. Mtr. Zone),,,
8588986607,GKH4628,NY,PAS,01/24/2018,31,SUBN,FORD,T,8790,15540,15640,20191023,115,115,115,365933,T401,Q,1028A,,Q,O,73-06,37th Ave,,0,408,l3,,Y,0900A,0700P,GL,,2002,,0,23-A,31-No Stand (Com. Mtr. Zone),,,
8592322996,GXH4576,NY,PAS,01/24/2018,31,SUBN,FORD,T,34470,13610,10610,20190506,14,14,14,341943,T106,O,1039A,,NY,F,147,W 35th St,,0,408,l3,,YYYYY,0600A,0700P,BL,,2004,,0,99,31-No Stand (Com. Mtr. Zone),,,
8592322947,HUU3435,NY,PAS,01/24/2018,31,4DSD,ACURA,T,34490,10410,10510,20190809,14,14,14,341943,T106,O,0949A,,NY,O,38,W 36th St,,0,408,l3,,YYYYY,0600A,0700P,WH,,2016,,0,99,31-No Stand (Com. Mtr. Zone),,,
8588283712,GDB1044,NY,PAS,01/24/2018,31,SUBN,FORD,T,34310,10510,10610,20181011,13,13,13,331220,T102,A,0413P,,NY,O,166,W 27th St,,0,408,l3,,YYYYY,0800A,0600P,WH,,2017,,0,F,31-No Stand (Com. Mtr. Zone),,,
8588283694,HPW4037,NY,PAS,01/24/2018,31,SUBN,DODGE,T,34310,10510,10610,20190531,13,13,13,331220,T102,A,0342P,,NY,F,129,W 27th St,,0,408,l3,,YYYYY,0800A,0600P,GY,,2014,,0,F,31-No Stand (Com. Mtr. Zone),,,
8588283682,HLW8951,NY,PAS,01/24/2018,31,SUBN,TOYOT,T,34310,10510,10610,20181121,13,13,13,331220,T102,A,0338P,,NY,O,99,W 27th St,,0,408,l3,,YYYYY,0800A,0600P,WH,,2017,,0,F,31-No Stand (Com. Mtr. Zone),,,
8588283670,HJN2071,NY,PAS,01/24/2018,31,SUBN,CHEVR,T,34310,13610,10510,20180803,13,13,13,331220,T102,A,0331P,,NY,F,28,W 27th St,,0,408,l3,,YYYYY,0800A,0600P,WH,,2003,,0,F,31-No Stand (Com. Mtr. Zone),,,
8588283669,H13JDP,NJ,PAS,01/24/2018,31,SUBN,CHEVR,T,34310,13610,10510,88880088,13,13,13,331220,T102,A,0330P,,NY,F,28,W 27th St,,0,408,l3,,YYYYY,0800A,0600P,SILVE,,0,,0,F,31-No Stand (Com. Mtr. Zone),,,
8588283610,HNG5669,NY,PAS,01/24/2018,31,SUBN,ROVER,T,34130,10410,10510,20190228,13,13,13,331220,T102,A,0246P,,NY,F,42,W 18th St,,0,408,l3,,YYYYY,0800A,0700P,BL,,2017,,0,F,31-No Stand (Com. Mtr. Zone),,,
8588283487,HUE5985,NY,PAS,01/24/2018,31,SUBN,JEEP,T,34330,13610,10510,20190726,13,13,13,331220,T102,A,0958A,,NY,F,34,W 28th St,,0,408,l3,,Y,0800A,0700P,BK,,2017,,0,F,31-No Stand (Com. Mtr. Zone),,,
8588283475,HGM3047,NY,PAS,01/24/2018,31,PICK,TOYOT,T,34230,10510,10610,20180515,10,10,10,331220,T102,A,0950A,,NY,O,157,W 23rd St,,0,408,l3,,Y,0700A,0700P,GY,,2016,,0,F,31-No Stand (Com. Mtr. Zone),,,
8588283426,GNS1061,NY,PAS,01/24/2018,31,SUBN,SUBAR,T,34330,10510,10610,20180408,13,13,13,331220,T102,A,0906A,,NY,F,130,W 28th St,,0,408,l3,,YYYYY,0600A,0700P,OR,,2014,,0,F,31-No Stand (Com. Mtr. Zone),,,
8588283347,GFJ8834,NY,PAS,01/24/2018,31,SUBN,SUBAR,T,34230,10410,10510,20190915,13,13,13,331220,T102,A,0817A,,NY,F,30,W 23rd St,,0,408,l3,,Y,0700A,0700P,RD,,2007,,0,F,31-No Stand (Com. Mtr. Zone),,,
8588283244,HKN6330,NY,PAS,01/24/2018,31,SUBN,JEEP,T,34330,10510,10610,20180805,13,13,13,331220,T102,A,0614A,,NY,F,130,W 28th St,,0,408,l3,,YYYYY,0600A,0700P,BLACK,,2014,,0,F,31-No Stand (Com. Mtr. Zone),,,
8587464498,GFV4129,NY,PAS,01/24/2018,31,4DSD,ME/BE,T,10210,17670,17690,20190305,14,14,14,366556,T106,N,0434P,,NY,O,511,3rd Ave,,0,408,l3,,Y,0700A,0700P,BLACK,,2010,,0,01,31-No Stand (Com. Mtr. Zone),,,
8587443069,GRG8440,NY,PAS,01/24/2018,31,SUBN,DODGE,T,10910,34630,34650,20180531,14,14,14,351207,T106,O,0254P,,NY,F,608,9th Ave,,0,408,l3,,Y,0700A,0700P,WH,,2014,,0,33,31-No Stand (Com. Mtr. Zone),,,
8586276947,K29HNF,NJ,PAS,01/24/2018,31,SUBN,JEEP,T,28870,0,0,88880088,1,1,1,366552,T105,E,0536P,,NY,I,S,Pine St,20ft W/of Nassau St,0,408,l3,,YYYYY,0700A,0700P,GREY,,0,,0,046,31-No Stand (Com. Mtr. Zone),,,
8590728523,GMZ6081,NY,PAS,01/24/2018,31,2DSD,AUDI,T,34550,10410,10510,20180317,14,14,14,355145,T106,J,0603P,,NY,F,48,W 39th St,,0,408,l3,,YYYYY,0600A,0700P,GY,,0,,0,25,31-No Stand (Com. Mtr. Zone),,,
8590728365,HNN7737,NY,PAS,01/24/2018,31,SUBN,CHEVR,T,34730,10410,29900,20190226,18,18,18,355145,T106,J,0204P,,NY,F,22,W 48th St,,0,408,l3,,YYYYY,0700A,0600P,BK,,2017,,0,25,31-No Stand (Com. Mtr. Zone),,,
8588793090,HVU3505,NY,PAS,01/24/2018,31,SUBN,JEEP,T,15710,35190,35210,20191130,20,20,20,357701,T103,P,0118P,,NY,F,242,Columbus Ave,,0,408,l3,,YYYYY,1000A,0400P,RD,,2006,,0,53,31-No Stand (Com. Mtr. Zone),,,
8591078603,HLU8926,NY,PAS,01/24/2018,31,SUBN,HONDA,T,34490,13610,10610,20180602,18,18,18,353486,T106,A,0957A,,NY,F,152,W 36th St,,0,408,l3,,YYYYY,0600A,0700P,GR,,2007,,0,99,31-No Stand (Com. Mtr. Zone),,,
8591078597,GVC4106,NY,PAS,01/24/2018,31,4DSD,HONDA,T,34490,13610,10610,20190112,18,18,18,353486,T106,A,0956A,,NY,F,152,W 36th St,,0,408,l3,,YYYYY,0600A,0700P,GY,,2016,,0,99,31-No Stand (Com. Mtr. Zone),,,
8588793106,HVV6107,NY,PAS,01/24/2018,31,SUBN,LEXUS,T,15710,35190,35210,20191220,20,20,20,357701,T103,P,0119P,,NY,F,242,Columbus Ave,,0,408,l3,,YYYYY,1000A,0400P,WH,,2017,,0,53,31-No Stand (Com. Mtr. Zone),,,
8578998900,HNJ1642,NY,PAS,01/24/2018,31,4DSD,BMW,T,13610,0,0,20181221,9,9,9,365796,T105,E,0413P,,NY,I,E,Broadway,10ft N/of Bleecker S,0,408,l3,,YYYYY,0700A,0600P,GR,,2009,,0,071,31-No Stand (Com. Mtr. Zone),,,
8592721283,HSC5515,NY,PAS,01/24/2018,31,4DSD,HONDA,T,34550,10810,10910,20190505,14,14,14,363509,T106,J,0148P,,NY,O,323,W 39th St,,0,408,l3,,YYYYY,0600A,0700P,BK,,2004,,0,38,31-No Stand (Com. Mtr. Zone),,,
8577573904,HUC9993,NY,PAS,01/24/2018,31,SUBN,CHEVR,T,34730,29900,10510,20190803,18,18,18,363054,MTTF,H,0450P,,NY,F,32,W 48th St,,0,408,l3,,YYYYY,0700A,0600P,GY,,2017,,0,02,31-No Stand (Com. Mtr. Zone),,,
8577573849,GGR7516,NY,PAS,01/24/2018,31,2DSD,NISSA,T,13610,34850,34870,20190709,18,18,18,363054,MTTF,H,0222P,,NY,F,1717,Broadway,,0,408,l3,,YYYYYYY,,,BK,,2010,,0,02,31-No Stand (Com. Mtr. Zone),,,
8576833943,HPC1131,NY,PAS,01/24/2018,31,SUBN,TOYOT,T,11710,35490,35510,20190614,24,24,24,365826,T103,FF,0248P,,NY,O,541,Amsterdam Ave,,0,408,l3,,Y,0700A,0700P,BK,,2011,,0,54,31-No Stand (Com. Mtr. Zone),,,
8576532207,HNF6086,NY,PAS,01/24/2018,31,4DSD,MASE,T,18190,27790,24890,20190123,19,19,19,367345,T103,GG,0532P,,NY,F,108,E 60th St,,0,408,l3,,Y,0700A,0700P,BK,,2017,,0,61,31-No Stand (Com. Mtr. Zone),,,
8574278312,HTV9811,NY,PAS,01/24/2018,31,SUBN,VOLVO,T,10210,17730,17750,20191023,17,17,17,365793,T106,P,0313P,,NY,F,560,3rd Ave,,0,408,l3,,Y,0700A,0700P,GY,,2018,,0,03,31-No Stand (Com. Mtr. Zone),,,
8574237012,HMR4300,NY,PAS,01/24/2018,31,SUBN,SUBAR,T,34230,10510,10610,20181130,13,13,13,365819,T102,I,0341P,,NY,F,161,W 23rd St,,0,408,l3,,Y,0800A,0600P,RD,,2006,,0,F,31-No Stand (Com. Mtr. Zone),,,
8568357556,HCX6521,NY,PAS,01/24/2018,31,SUBN,AUDI,T,34370,10410,13610,20171217,10,10,10,343944,T108,P,0310P,,NY,F,37,W 30th St,,0,408,l3,,YYYYY,0800A,0600P,BK,,2014,,0,01,31-No Stand (Com. Mtr. Zone),,,
8568357544,HWA4564,NY,PAS,01/24/2018,31,4DSD,NISSA,T,34370,10410,13610,20191205,10,10,10,343944,T108,P,0306P,,NY,O,37,W 30th St,,0,408,l3,,YYYYY,0800A,0600P,WH,,2008,,0,01,31-No Stand (Com. Mtr. Zone),,,
8567455492,JWR5675,PA,PAS,01/24/2018,31,4DSD,VOLKS,T,34090,10810,10910,20180088,10,10,10,338588,T108,C,1005A,,NY,O,319,W 16th St,,0,408,l3,,YYYYY,0800A,0600P,BLACK,,0,,0,01A,31-No Stand (Com. Mtr. Zone),,,
8570408729,M970361,NJ,PAS,01/24/2018,31,4DSD,NISSA,T,34290,10610,10810,88880088,10,10,10,351215,T108,D,1053A,,NY,F,247,W 26th St,,0,408,l3,,YYYYY,0800A,0600P,BLACK,,0,,0,01,31-No Stand (Com. Mtr. Zone),,,
8569752696,GLJ9036,NY,PAS,01/24/2018,31,SUBN,JEEP,T,18090,10210,10110,20180130,18,18,18,346380,T108,G,0354P,,NY,F,240,E 55th St,,0,408,l3,,Y,0700A,0700P,BK,,2014,,0,01,31-No Stand (Com. Mtr. Zone),,,
8571059998,KBB0205,PA,PAS,01/24/2018,31,4DSD,INFIN,T,34670,10410,10510,88880088,14,14,14,351256,T108,I,0354P,,NY,O,35,W 45th St,,0,408,l3,,YYYYY,0700A,0600P,BLACK,,0,,0,01,31-No Stand (Com. Mtr. Zone),,,
8571059974,M32NSD,QB,PAS,01/24/2018,31,4DSD,VOLKS,T,34670,10810,10910,88880088,14,14,14,351256,T108,I,0242P,,NY,F,317,W 45th St,,0,408,l3,,Y,0700A,0600P,BLUE,,0,,0,01,31-No Stand (Com. Mtr. Zone),,,
8570703582,GPV2268,NY,PAS,01/24/2018,31,2DSD,ME/BE,T,27790,17750,17770,20180413,17,17,17,345140,T108,D,0914A,,NY,F,70,Park Ave,,0,408,l3,,YYYYY,0800A,0600P,BK,,2002,,0,02A,31-No Stand (Com. Mtr. Zone),,,
8570604919,L16GJP,NJ,PAS,01/24/2018,31,SUBN,HONDA,T,34710,13610,10810,88880088,18,18,18,330898,T108,H,0931P,,NY,O,261,W 47th St,,0,408,l3,,Y,0800A,1000P,BLUE,,0,,0,01,31-No Stand (Com. Mtr. Zone),,,
8570604890,GBU5914,NY,PAS,01/24/2018,31,4DSD,INFIN,T,34730,29900,10510,20180828,18,18,18,330898,T108,H,0333P,,NY,F,32,W 48th St,,0,408,l3,,YYYYY,0700A,0600P,BK,,2015,,0,01,31-No Stand (Com. Mtr. Zone),,,
8560132533,GXN2606,NY,PAS,01/24/2018,31,4DSD,BMW,T,16890,8790,61090,20190410,115,115,115,357761,T401,G,1249P,,Q,O,37-12,82nd St,,0,408,l3,,Y,0900A,0700P,GY,,2010,,0,23,31-No Stand (Com. Mtr. Zone),,,
8560132510,GXS5191,NY,PAS,01/24/2018,31,SUBN,TOYOT,T,16890,8790,61090,20190429,115,115,115,357761,T401,G,1220P,,Q,O,37-12,82nd St,,0,408,l3,,Y,0900A,0700P,RD,,2015,,0,23,31-No Stand (Com. Mtr. Zone),,,
